1  0.00471998	2.286810e+00	1.119857e-01	9.725048e-01	2.372838e+00	6.791557e-01	1.012273e+00	
1  0.00746665	2.425202e+00	1.145550e-01	9.749132e-01	2.327872e+00	6.934091e-01	1.014244e+00	
1  0.0235556	2.466742e+00	1.141890e-01	9.831882e-01	2.287835e+00	6.977774e-01	1.027432e+00	
1  0.0229335	2.083059e+00	1.082475e-01	9.839156e-01	2.344520e+00	6.726551e-01	1.023976e+00	
1  0.0640679	2.457936e+00	1.174598e-01	9.695886e-01	2.217230e+00	7.120942e-01	1.020420e+00	
1  0.062242	2.457936e+00	1.174598e-01	9.695886e-01	2.217230e+00	7.120942e-01	1.020477e+00	
1  0.0898698	2.442932e+00	1.174242e-01	9.770633e-01	2.170648e+00	7.193543e-01	1.026479e+00	
1  0.285624	2.557803e+00	1.222605e-01	9.599008e-01	2.131566e+00	7.391453e-01	1.012370e+00	
1  0.0726336	2.319196e+00	1.172258e-01	9.647984e-01	2.197647e+00	7.214793e-01	1.011425e+00	
1  0.0199293	1.963244e+00	1.101913e-01	9.723754e-01	2.275374e+00	6.948893e-01	1.011812e+00	
1  0.011526	2.049090e+00	1.135250e-01	9.562439e-01	2.297640e+00	7.008845e-01	9.939925e-01	
1  0.0113939	2.049090e+00	1.135250e-01	9.562439e-01	2.297640e+00	7.008845e-01	9.940340e-01	
1  0.0181061	1.911159e+00	1.116330e-01	9.510664e-01	2.341078e+00	6.912191e-01	9.870494e-01	
1  0.0531778	1.605824e+00	1.045734e-01	9.619828e-01	2.438061e+00	6.567587e-01	9.893572e-01	
1  0.0497995	1.691860e+00	1.070730e-01	9.591028e-01	2.380751e+00	6.722247e-01	9.907669e-01	
1  0.0692696	1.638973e+00	1.059265e-01	9.642057e-01	2.379226e+00	6.680397e-01	9.937250e-01	
1  0.110197	1.682677e+00	1.054950e-01	9.746835e-01	2.376609e+00	6.713221e-01	9.978670e-01	
1  0.152411	1.682677e+00	1.054950e-01	9.746835e-01	2.376609e+00	6.713221e-01	9.988711e-01	
1  0.126006	1.976247e+00	1.084988e-01	9.753530e-01	2.401518e+00	6.852596e-01	9.967046e-01	
1  0.10785	1.974073e+00	1.076695e-01	9.813626e-01	2.396554e+00	6.794066e-01	1.003685e+00	
1  0.0690917	2.099593e+00	1.110279e-01	9.677179e-01	2.391846e+00	6.898639e-01	9.944590e-01	
1  0.0506566	1.930197e+00	1.088125e-01	9.635232e-01	2.397986e+00	6.840667e-01	9.944908e-01	
1  0.0344176	2.237569e+00	1.166738e-01	9.387305e-01	2.379791e+00	7.107431e-01	9.732929e-01	
1  0.0365835	2.237569e+00	1.166738e-01	9.387305e-01	2.379791e+00	7.107431e-01	9.728723e-01	
1  0.0313194	2.201320e+00	1.162248e-01	9.386408e-01	2.367580e+00	7.051789e-01	9.771637e-01	
1  0.0157554	2.269774e+00	1.158121e-01	9.525696e-01	2.319523e+00	7.133352e-01	9.926383e-01	
1  0.019874	2.307135e+00	1.157197e-01	9.641293e-01	2.263894e+00	7.187570e-01	1.006042e+00	
1  0.04504	2.103991e+00	1.097536e-01	9.820512e-01	2.309194e+00	6.976675e-01	1.017831e+00	
1  0.0352779	2.119042e+00	1.094962e-01	9.843372e-01	2.302165e+00	6.939975e-01	1.023428e+00	
1  0.0361348	2.119042e+00	1.094962e-01	9.843372e-01	2.302165e+00	6.939975e-01	1.023734e+00	
1  0.0432626	2.358279e+00	1.140327e-01	9.782845e-01	2.234158e+00	7.195491e-01	1.026789e+00	
1  0.055852	2.167185e+00	1.097467e-01	9.895368e-01	2.259238e+00	7.032264e-01	1.033330e+00	
1  0.0263553	2.121322e+00	1.114784e-01	9.734171e-01	2.283020e+00	7.048526e-01	1.014465e+00	
1  0.0503225	2.226915e+00	1.125201e-01	9.808310e-01	2.250526e+00	7.160560e-01	1.020376e+00	
1  0.0377162	2.122612e+00	1.112426e-01	9.749965e-01	2.295593e+00	7.044370e-01	1.012791e+00	
1  0.0434222	2.122612e+00	1.112426e-01	9.749965e-01	2.295593e+00	7.044370e-01	1.013283e+00	
1  0.0674709	2.080406e+00	1.094680e-01	9.803618e-01	2.325653e+00	6.977806e-01	1.014598e+00	
1  0.068068	2.016534e+00	1.069053e-01	9.849636e-01	2.381300e+00	6.845264e-01	1.015158e+00	
1  0.0613963	2.400130e+00	1.143546e-01	9.830389e-01	2.264168e+00	7.163679e-01	1.021253e+00	
1  0.0596138	2.373009e+00	1.141599e-01	9.852262e-01	2.238364e+00	7.188593e-01	1.024953e+00	
1  0.0886699	2.257379e+00	1.107648e-01	9.927303e-01	2.285758e+00	7.041811e-01	1.027836e+00	
1  0.0738133	2.257379e+00	1.107648e-01	9.927303e-01	2.285758e+00	7.041811e-01	1.026878e+00	
1  0.0860133	2.380635e+00	1.134685e-01	9.850292e-01	2.289350e+00	7.183150e-01	1.017170e+00	
1  0.0461466	2.443525e+00	1.165433e-01	9.722368e-01	2.275308e+00	7.259974e-01	1.006482e+00	
1  0.140891	2.243288e+00	1.095035e-01	1.003119e+00	2.273508e+00	7.107506e-01	1.032523e+00	
1  0.225259	2.485187e+00	1.112666e-01	1.017291e+00	2.233820e+00	7.243657e-01	1.046302e+00	
1  0.209597	2.568292e+00	1.144118e-01	1.009208e+00	2.205605e+00	7.333457e-01	1.038949e+00	
1  0.208243	2.568292e+00	1.144118e-01	1.009208e+00	2.205605e+00	7.333457e-01	1.038901e+00	
1  0.241723	2.526329e+00	1.137107e-01	1.022102e+00	2.133984e+00	7.382303e-01	1.052327e+00	
1  0.187297	2.733742e+00	1.204243e-01	1.004437e+00	2.056870e+00	7.636229e-01	1.042208e+00	
1  0.197933	2.792732e+00	1.214962e-01	1.003876e+00	2.047427e+00	7.696410e-01	1.041263e+00	
1  0.214001	2.880711e+00	1.237839e-01	9.970261e-01	2.035949e+00	7.724240e-01	1.037892e+00	
1  0.371043	3.094253e+00	1.276847e-01	9.924739e-01	1.996841e+00	7.898003e-01	1.037645e+00	
1  0.393308	3.094253e+00	1.276847e-01	9.924739e-01	1.996841e+00	7.898003e-01	1.037320e+00	
1  0.28517	3.034743e+00	1.269821e-01	9.927388e-01	2.015438e+00	7.845851e-01	1.033091e+00	
1  0.276043	2.993350e+00	1.282154e-01	9.781177e-01	2.050919e+00	7.821258e-01	1.016126e+00	
1  0.542622	2.975891e+00	1.304913e-01	9.609245e-01	2.060244e+00	7.839061e-01	1.000164e+00	
1  0.297055	2.986721e+00	1.300438e-01	9.558439e-01	2.122230e+00	7.775619e-01	9.923537e-01	
1  0.257191	2.805277e+00	1.271095e-01	9.609996e-01	2.113358e+00	7.679186e-01	9.984764e-01	
1  0.299064	2.805277e+00	1.271095e-01	9.609996e-01	2.113358e+00	7.679186e-01	9.978671e-01	
1  0.257069	2.898823e+00	1.274787e-01	9.662845e-01	2.104404e+00	7.684941e-01	1.005318e+00	
2  0.122752	2.912230e+00	1.273868e-01	9.651052e-01	2.149463e+00	7.676625e-01	9.966323e-01	
1  0.156544	2.990564e+00	1.290059e-01	9.589732e-01	2.161154e+00	7.760282e-01	9.893691e-01	
1  0.207438	2.836471e+00	1.271156e-01	9.613560e-01	2.136441e+00	7.707777e-01	9.942556e-01	
1  0.22765	2.836471e+00	1.271156e-01	9.613560e-01	2.136441e+00	7.707777e-01	9.939078e-01	
1  0.120765	2.795892e+00	1.252835e-01	9.635862e-01	2.174064e+00	7.649711e-01	9.945829e-01	
1  0.308601	3.032933e+00	1.290488e-01	9.623716e-01	2.113951e+00	7.823818e-01	1.002004e+00	
3  1.32078	3.181737e+00	1.338721e-01	9.521337e-01	2.028844e+00	8.003967e-01	1.001518e+00	
1  1.34071	3.181737e+00	1.338721e-01	9.521337e-01	2.028844e+00	8.003967e-01	1.001388e+00	
1  0.513541	2.760158e+00	1.259052e-01	9.665220e-01	2.069576e+00	7.705261e-01	1.010013e+00	
1  0.408329	2.729553e+00	1.258577e-01	9.642845e-01	2.090038e+00	7.668851e-01	1.003833e+00	
2  0.963205	3.077705e+00	1.324435e-01	9.462085e-01	2.085336e+00	7.875136e-01	9.924572e-01	
1  0.749041	2.857300e+00	1.284098e-01	9.532653e-01	2.084227e+00	7.741201e-01	1.001120e+00	
2  0.698728	2.857300e+00	1.284098e-01	9.532653e-01	2.084227e+00	7.741201e-01	1.001559e+00	
1  0.355211	2.788406e+00	1.257804e-01	9.661516e-01	2.092208e+00	7.646377e-01	1.010455e+00	
1  0.254345	2.593855e+00	1.216242e-01	9.842461e-01	2.066684e+00	7.534931e-01	1.024821e+00	
1  0.62864	3.078576e+00	1.301261e-01	9.730776e-01	2.019701e+00	7.868283e-01	1.018390e+00	
1  0.479752	2.907454e+00	1.266846e-01	9.775965e-01	2.035995e+00	7.712007e-01	1.024902e+00	
1  0.383738	2.907454e+00	1.266846e-01	9.775965e-01	2.035995e+00	7.712007e-01	1.026066e+00	
1  0.215467	2.735051e+00	1.236888e-01	9.781659e-01	2.075355e+00	7.555069e-01	1.024632e+00	
1  0.102815	2.620902e+00	1.190217e-01	9.970722e-01	2.106815e+00	7.399763e-01	1.037703e+00	
1  0.102011	2.844741e+00	1.217224e-01	9.982703e-01	2.098739e+00	7.504353e-01	1.039741e+00	
1  0.144173	2.810850e+00	1.201093e-01	1.008461e+00	2.079506e+00	7.502611e-01	1.049740e+00	
1  0.166239	2.794552e+00	1.191374e-01	1.015645e+00	2.063948e+00	7.412208e-01	1.059573e+00	
1  0.164068	2.794552e+00	1.191374e-01	1.015645e+00	2.063948e+00	7.412208e-01	1.059746e+00	
1  0.162314	2.657806e+00	1.179809e-01	1.012271e+00	2.067370e+00	7.374022e-01	1.055334e+00	
1  0.100884	3.028674e+00	1.262273e-01	9.882345e-01	2.073677e+00	7.571054e-01	1.033603e+00	
1  0.0826464	3.105436e+00	1.279904e-01	9.793602e-01	2.096165e+00	7.647694e-01	1.023455e+00	
1  0.250656	3.027316e+00	1.292302e-01	9.691501e-01	2.073382e+00	7.706845e-01	1.013471e+00	
1  0.549834	3.047115e+00	1.311255e-01	9.611488e-01	2.050224e+00	7.803978e-01	1.007112e+00	
2  0.594385	3.047115e+00	1.311255e-01	9.611488e-01	2.050224e+00	7.803978e-01	1.006669e+00	
1  0.63217	3.002822e+00	1.311654e-01	9.515524e-01	2.082530e+00	7.721453e-01	9.990639e-01	
2  0.597892	2.788191e+00	1.283808e-01	9.527898e-01	2.082599e+00	7.577109e-01	1.001063e+00	
1  0.523783	2.716640e+00	1.269381e-01	9.579855e-01	2.073343e+00	7.575420e-01	1.004944e+00	
2  0.487303	2.716640e+00	1.269381e-01	9.579855e-01	2.073343e+00	7.575420e-01	1.005325e+00	
1  0.022956	2.263055e+00	1.178281e-01	9.636994e-01	2.213409e+00	7.221981e-01	9.981758e-01	
1  0.0143708	2.180010e+00	1.181796e-01	9.561404e-01	2.220815e+00	7.136680e-01	9.900734e-01	
1  0.0157114	2.202409e+00	1.194866e-01	9.495611e-01	2.242884e+00	7.091667e-01	9.807199e-01	
1  0.00956949	2.247939e+00	1.190117e-01	9.551441e-01	2.235452e+00	7.100184e-01	9.887718e-01	
1  0.0102719	2.247939e+00	1.190117e-01	9.551441e-01	2.235452e+00	7.100184e-01	9.908223e-01	
1  0.0592352	1.856747e+00	1.131084e-01	9.568570e-01	2.257694e+00	6.846179e-01	9.947688e-01	
1  0.245726	1.540211e+00	1.072453e-01	9.689901e-01	2.271464e+00	6.659950e-01	1.003070e+00	
1  0.278513	1.409146e+00	1.046418e-01	9.725544e-01	2.278000e+00	6.541948e-01	1.009237e+00	
1  0.222064	1.479890e+00	1.049507e-01	9.778360e-01	2.267372e+00	6.580128e-01	1.014222e+00	
1  0.19154	1.592428e+00	1.055425e-01	9.804577e-01	2.281137e+00	6.657045e-01	1.014954e+00	
1  0.133091	1.592428e+00	1.055425e-01	9.804577e-01	2.281137e+00	6.657045e-01	1.013819e+00	
1  0.0616758	1.712477e+00	1.095792e-01	9.662909e-01	2.254517e+00	6.779958e-01	1.004248e+00	
1  0.045786	1.715715e+00	1.102493e-01	9.714024e-01	2.198737e+00	6.854290e-01	1.009999e+00	
1  0.00771571	1.805377e+00	1.137222e-01	9.571851e-01	2.161543e+00	6.959806e-01	1.004572e+00	
1  0.056499	1.873041e+00	1.147209e-01	9.573059e-01	2.132147e+00	7.040354e-01	1.009246e+00	
1  0.0703748	1.765564e+00	1.115387e-01	9.706650e-01	2.103147e+00	7.012961e-01	1.025287e+00	
1  0.0644835	1.765564e+00	1.115387e-01	9.706650e-01	2.103147e+00	7.012961e-01	1.025476e+00	
1  0.788788	1.982425e+00	1.180168e-01	9.575566e-01	1.999116e+00	7.287222e-01	1.022820e+00	
1  1.13335	1.950444e+00	1.181162e-01	9.588205e-01	1.960744e+00	7.360337e-01	1.025879e+00	
1  1.35092	1.994530e+00	1.198049e-01	9.507844e-01	1.962461e+00	7.414484e-01	1.018560e+00	
1  3.38428	2.155790e+00	1.250247e-01	9.450722e-01	1.878795e+00	7.653689e-01	1.012995e+00	
1  3.80271	2.031357e+00	1.234503e-01	9.477300e-01	1.849655e+00	7.591581e-01	1.019972e+00	
1  3.74142	2.031357e+00	1.234503e-01	9.477300e-01	1.849655e+00	7.591581e-01	1.020218e+00	
1  4.10021	1.937262e+00	1.237209e-01	9.404461e-01	1.842636e+00	7.566234e-01	1.013298e+00	
1  4.24844	1.882624e+00	1.246236e-01	9.283012e-01	1.858241e+00	7.559256e-01	1.001084e+00	
1  2.4454	1.958042e+00	1.244478e-01	9.235591e-01	1.949957e+00	7.527749e-01	9.894111e-01	
1  1.78021	1.924041e+00	1.231627e-01	9.281583e-01	1.968456e+00	7.500027e-01	9.900001e-01	
1  0.773572	1.683132e+00	1.185888e-01	9.377431e-01	1.984154e+00	7.343395e-01	9.961561e-01	
1  0.786225	1.683132e+00	1.185888e-01	9.377431e-01	1.984154e+00	7.343395e-01	9.960505e-01	
1  0.668171	1.747830e+00	1.183876e-01	9.428625e-01	1.995867e+00	7.324010e-01	1.000264e+00	
1  0.813499	1.797103e+00	1.187922e-01	9.481136e-01	1.974578e+00	7.369569e-01	1.004818e+00	
1  1.01455	1.836267e+00	1.203625e-01	9.356272e-01	1.994309e+00	7.378974e-01	9.959999e-01	
1  1.21862	1.845544e+00	1.197149e-01	9.401582e-01	1.971923e+00	7.390024e-01	1.005568e+00	
1  0.961039	1.858051e+00	1.187007e-01	9.418949e-01	1.995420e+00	7.372399e-01	1.008278e+00	
2  0.870931	1.858051e+00	1.187007e-01	9.418949e-01	1.995420e+00	7.372399e-01	1.008982e+00	
1  0.505726	1.885897e+00	1.177195e-01	9.466744e-01	2.029818e+00	7.355323e-01	1.009363e+00	
2  0.377582	1.885025e+00	1.158117e-01	9.575260e-01	2.032614e+00	7.336536e-01	1.019661e+00	
1  0.436213	1.807707e+00	1.157556e-01	9.489813e-01	2.033694e+00	7.293990e-01	1.015685e+00	
2  0.462928	1.807707e+00	1.157556e-01	9.489813e-01	2.033694e+00	7.293990e-01	1.015387e+00	
1  0.53394	1.839811e+00	1.178532e-01	9.395546e-01	2.041370e+00	7.326259e-01	1.003463e+00	
1  0.019603	1.527161e+00	1.100754e-01	9.568774e-01	2.102262e+00	7.072813e-01	1.014610e+00	
1  0.0450231	1.489717e+00	1.082362e-01	9.620464e-01	2.150135e+00	7.018995e-01	1.012075e+00	
1  0.174372	1.424195e+00	1.070850e-01	9.532542e-01	2.229741e+00	6.949251e-01	9.983620e-01	
1  0.222941	1.424195e+00	1.070850e-01	9.532542e-01	2.229741e+00	6.949251e-01	9.992236e-01	
1  0.0203133	1.596226e+00	1.115422e-01	9.462089e-01	2.137479e+00	7.196273e-01	1.002594e+00	
1  0.108138	1.326432e+00	1.075283e-01	9.511123e-01	2.139132e+00	7.082542e-01	1.005375e+00	
1  0.138459	1.310395e+00	1.092876e-01	9.368782e-01	2.160006e+00	7.071591e-01	9.903656e-01	
1  0.330161	1.264495e+00	1.047523e-01	9.578263e-01	2.201988e+00	6.946607e-01	1.005331e+00	
1  0.843913	1.015987e+00	1.000643e-01	9.686464e-01	2.221300e+00	6.777981e-01	1.010613e+00	
1  1.00099	1.015987e+00	1.000643e-01	9.686464e-01	2.221300e+00	6.777981e-01	1.011836e+00	
1  0.625985	1.195771e+00	1.023274e-01	9.703930e-01	2.213572e+00	6.854698e-01	1.013093e+00	
1  0.578579	1.270943e+00	1.066652e-01	9.503670e-01	2.214059e+00	6.939179e-01	9.928301e-01	
1  0.574221	1.156706e+00	1.061750e-01	9.471747e-01	2.168743e+00	6.992971e-01	9.953480e-01	
1  1.54404	8.730867e-01	9.975188e-02	9.603670e-01	2.211535e+00	6.764848e-01	1.004725e+00	
1  0.572341	1.093348e+00	1.036527e-01	9.604591e-01	2.142739e+00	6.963154e-01	1.010505e+00	
1  0.511718	1.093348e+00	1.036527e-01	9.604591e-01	2.142739e+00	6.963154e-01	1.009876e+00	
1  1.50735	8.178790e-01	9.673474e-02	9.749797e-01	2.223524e+00	6.683732e-01	1.015260e+00	
1  1.50318	7.677988e-01	9.516372e-02	9.814397e-01	2.222305e+00	6.618020e-01	1.021808e+00	
1  1.28643	7.414289e-01	9.465653e-02	9.867510e-01	2.182366e+00	6.631850e-01	1.030796e+00	
1  1.1052	8.240805e-01	9.742342e-02	9.728431e-01	2.176518e+00	6.729045e-01	1.022019e+00	
1  1.08741	9.013046e-01	9.877146e-02	9.710883e-01	2.187819e+00	6.790068e-01	1.016071e+00	
1  1.18782	9.013046e-01	9.877146e-02	9.710883e-01	2.187819e+00	6.790068e-01	1.016774e+00	
1  2.07514	6.800473e-01	9.424471e-02	9.857682e-01	2.205103e+00	6.582188e-01	1.024236e+00	
1  2.16369	7.510243e-01	9.539783e-02	9.809347e-01	2.253418e+00	6.534713e-01	1.013940e+00	
3  2.78633	5.714174e-01	9.130180e-02	9.877775e-01	2.285587e+00	6.392520e-01	1.019192e+00	
1  2.93406	5.714174e-01	9.130180e-02	9.877775e-01	2.285587e+00	6.392520e-01	1.019824e+00	
2  2.23406	7.836714e-01	9.797247e-02	9.731976e-01	2.206216e+00	6.640284e-01	1.010343e+00	
2  0.732149	1.122720e+00	1.052945e-01	9.606907e-01	2.134547e+00	6.945174e-01	1.004917e+00	
1  0.433957	1.290298e+00	1.081320e-01	9.535085e-01	2.143379e+00	7.061140e-01	9.980937e-01	
1  0.507202	1.290298e+00	1.081320e-01	9.535085e-01	2.143379e+00	7.061140e-01	9.989013e-01	
1  0.27438	1.387216e+00	1.103005e-01	9.477085e-01	2.133075e+00	7.113136e-01	9.959715e-01	
1  0.0945333	1.529945e+00	1.135620e-01	9.392995e-01	2.122018e+00	7.246809e-01	9.883671e-01	
1  0.139984	1.461463e+00	1.132921e-01	9.326507e-01	2.142809e+00	7.165981e-01	9.824734e-01	
1  0.0510734	1.580706e+00	1.159408e-01	9.274580e-01	2.133686e+00	7.239683e-01	9.772397e-01	
1  0.122014	1.541556e+00	1.141303e-01	9.283163e-01	2.174548e+00	7.149624e-01	9.784673e-01	
1  0.132417	1.541556e+00	1.141303e-01	9.283163e-01	2.174548e+00	7.149624e-01	9.787198e-01	
1  0.0779254	1.550065e+00	1.160192e-01	9.145678e-01	2.172479e+00	7.180881e-01	9.696495e-01	
1  0.240425	1.481897e+00	1.147860e-01	9.035887e-01	2.267475e+00	7.034711e-01	9.553480e-01	
2  0.783213	1.260037e+00	1.089433e-01	9.180407e-01	2.305205e+00	6.832753e-01	9.669924e-01	
1  0.815113	1.195188e+00	1.092575e-01	9.126903e-01	2.281548e+00	6.862687e-01	9.647025e-01	
1  0.869393	1.195188e+00	1.092575e-01	9.126903e-01	2.281548e+00	6.862687e-01	9.651317e-01	
1  0.648399	1.229179e+00	1.107741e-01	9.096736e-01	2.250764e+00	6.940277e-01	9.639817e-01	
1  0.222029	1.352240e+00	1.143558e-01	9.010833e-01	2.201283e+00	7.109996e-01	9.606725e-01	
2  0.747724	1.100804e+00	1.109704e-01	8.995068e-01	2.224593e+00	6.975603e-01	9.579198e-01	
1  0.47298	1.201189e+00	1.144447e-01	8.837736e-01	2.251658e+00	7.047111e-01	9.389062e-01	
1  0.396846	1.201189e+00	1.144447e-01	8.837736e-01	2.251658e+00	7.047111e-01	9.377744e-01	
1  0.468069	1.151924e+00	1.149422e-01	8.708588e-01	2.279317e+00	6.996278e-01	9.275596e-01	
1  0.59709	1.379002e+00	1.205078e-01	8.547219e-01	2.235260e+00	7.178539e-01	9.211401e-01	
1  1.28226	1.568944e+00	1.242576e-01	8.488284e-01	2.224279e+00	7.310442e-01	9.141486e-01	
1  0.384127	1.293994e+00	1.179096e-01	8.613956e-01	2.271794e+00	7.039447e-01	9.241681e-01	
1  0.338129	1.259494e+00	1.158027e-01	8.700837e-01	2.269266e+00	7.011898e-01	9.346968e-01	
1  0.341285	1.259494e+00	1.158027e-01	8.700837e-01	2.269266e+00	7.011898e-01	9.348239e-01	
2  0.388949	1.313652e+00	1.174977e-01	8.609870e-01	2.285873e+00	7.019404e-01	9.264761e-01	
2  0.747919	1.092146e+00	1.133251e-01	8.579275e-01	2.367021e+00	6.822778e-01	9.202601e-01	
1  0.958906	1.026474e+00	1.129891e-01	8.473046e-01	2.420166e+00	6.798051e-01	9.064910e-01	
1  1.02831	1.026474e+00	1.129891e-01	8.473046e-01	2.420166e+00	6.798051e-01	9.071938e-01	
2  0.670507	1.130176e+00	1.156657e-01	8.442618e-01	2.359454e+00	6.914516e-01	9.111999e-01	
1  1.07352	1.018525e+00	1.120284e-01	8.573859e-01	2.386296e+00	6.812719e-01	9.183709e-01	
1  0.634019	1.146717e+00	1.165489e-01	8.412548e-01	2.340770e+00	6.942594e-01	9.112767e-01	
1  0.926442	9.675319e-01	1.147379e-01	8.360463e-01	2.350250e+00	6.831196e-01	9.084601e-01	
1  0.92059	9.675319e-01	1.147379e-01	8.360463e-01	2.350250e+00	6.831196e-01	9.083828e-01	
1  1.79196	8.157530e-01	1.109620e-01	8.399156e-01	2.431423e+00	6.663486e-01	9.035220e-01	
1  0.925651	9.954862e-01	1.158720e-01	8.282148e-01	2.399179e+00	6.850872e-01	8.925154e-01	
1  0.818949	1.047871e+00	1.167712e-01	8.295455e-01	2.385683e+00	6.911666e-01	8.925720e-01	
1  1.04785	9.608590e-01	1.136251e-01	8.437976e-01	2.376245e+00	6.829372e-01	9.069281e-01	
1  0.864712	1.034355e+00	1.149849e-01	8.391741e-01	2.392135e+00	6.869571e-01	9.008436e-01	
1  0.902859	1.034355e+00	1.149849e-01	8.391741e-01	2.392135e+00	6.869571e-01	9.013640e-01	
1  0.847475	1.109082e+00	1.180468e-01	8.242720e-01	2.413534e+00	6.948879e-01	8.836293e-01	
1  0.747877	1.119275e+00	1.187628e-01	8.276009e-01	2.319096e+00	7.035273e-01	8.996547e-01	
1  0.744954	1.140479e+00	1.195426e-01	8.290468e-01	2.296640e+00	7.061115e-01	9.006421e-01	
1  0.694358	9.725055e-01	1.171027e-01	8.350424e-01	2.268082e+00	7.023335e-01	9.075096e-01	
1  0.718098	1.004523e+00	1.188884e-01	8.275097e-01	2.251366e+00	7.097900e-01	9.021188e-01	
1  0.737054	1.004523e+00	1.188884e-01	8.275097e-01	2.251366e+00	7.097900e-01	9.009495e-01	
1  0.887362	9.379945e-01	1.191607e-01	8.173561e-01	2.299925e+00	7.046874e-01	8.845091e-01	
2  1.64524	1.065755e+00	1.232269e-01	8.091298e-01	2.234731e+00	7.198284e-01	8.825811e-01	
1  1.20483	7.363847e-01	1.168798e-01	8.111000e-01	2.367332e+00	6.897963e-01	8.696568e-01	
1  2.32472	5.531301e-01	1.133028e-01	8.133905e-01	2.452846e+00	6.758562e-01	8.586502e-01	
2  2.54885	5.531301e-01	1.133028e-01	8.133905e-01	2.452846e+00	6.758562e-01	8.598196e-01	
2  1.49178	7.083242e-01	1.161670e-01	8.090405e-01	2.428606e+00	6.869433e-01	8.591535e-01	
1  2.17134	5.413073e-01	1.148604e-01	8.105422e-01	2.381601e+00	6.823614e-01	8.641661e-01	
1  1.84399	5.546782e-01	1.157792e-01	8.132610e-01	2.336254e+00	6.886649e-01	8.675972e-01	
7  1.77819	5.546782e-01	1.157792e-01	8.132610e-01	2.336254e+00	6.886649e-01	8.671445e-01	
3  1.65727	5.725114e-01	1.162511e-01	8.099778e-01	2.347077e+00	6.897923e-01	8.634922e-01	
2  1.47735	5.561768e-01	1.171602e-01	8.055748e-01	2.305823e+00	6.979876e-01	8.644676e-01	
2  1.36929	5.561768e-01	1.171602e-01	8.055748e-01	2.305823e+00	6.979876e-01	8.633004e-01	
1  1.52293	5.695280e-01	1.163125e-01	8.072267e-01	2.348828e+00	6.955119e-01	8.602302e-01	
1  1.38053	6.228046e-01	1.158762e-01	8.190192e-01	2.319980e+00	6.994663e-01	8.713919e-01	
1  1.54385	6.253356e-01	1.147601e-01	8.248564e-01	2.319505e+00	6.972317e-01	8.787556e-01	
1  1.53845	6.121851e-01	1.145128e-01	8.313581e-01	2.281022e+00	7.034384e-01	8.850481e-01	
1  1.39446	6.121851e-01	1.145128e-01	8.313581e-01	2.281022e+00	7.034384e-01	8.839851e-01	
1  0.906688	6.853010e-01	1.151565e-01	8.399925e-01	2.213112e+00	7.100840e-01	8.993462e-01	
1  0.900638	6.820433e-01	1.148454e-01	8.441103e-01	2.199379e+00	7.112824e-01	9.031169e-01	
1  0.670098	6.597752e-01	1.151737e-01	8.470681e-01	2.132634e+00	7.187518e-01	9.121031e-01	
2  0.400644	8.470916e-01	1.172411e-01	8.550997e-01	2.089508e+00	7.275764e-01	9.222217e-01	
1  0.407839	8.470916e-01	1.172411e-01	8.550997e-01	2.089508e+00	7.275764e-01	9.218928e-01	
1  0.543045	7.110659e-01	1.142980e-01	8.598539e-01	2.113090e+00	7.187634e-01	9.244567e-01	
1  0.454524	6.913020e-01	1.140418e-01	8.627716e-01	2.078063e+00	7.215546e-01	9.313664e-01	
2  0.281783	7.449973e-01	1.145325e-01	8.703742e-01	2.040667e+00	7.265778e-01	9.389601e-01	
1  0.265743	7.044890e-01	1.143218e-01	8.727584e-01	2.019269e+00	7.245505e-01	9.415962e-01	
1  0.307292	7.044890e-01	1.143218e-01	8.727584e-01	2.019269e+00	7.245505e-01	9.430851e-01	
1  0.359664	7.978132e-01	1.154559e-01	8.785004e-01	1.935705e+00	7.395367e-01	9.592684e-01	
1  0.24139	7.097514e-01	1.115121e-01	8.943204e-01	1.979758e+00	7.275500e-01	9.664879e-01	
3  0.479292	1.018850e+00	1.176456e-01	8.814276e-01	1.984223e+00	7.504087e-01	9.498334e-01	
1  0.502289	1.018850e+00	1.176456e-01	8.814276e-01	1.984223e+00	7.504087e-01	9.495510e-01	
2  2.52412	1.382009e+00	1.238428e-01	8.647953e-01	1.994879e+00	7.719323e-01	9.379589e-01	
1  1.5439	1.237209e+00	1.209710e-01	8.656547e-01	2.005933e+00	7.629496e-01	9.434724e-01	
2  0.739978	1.312685e+00	1.200720e-01	8.636504e-01	2.120976e+00	7.533267e-01	9.322953e-01	
3  0.903222	1.312685e+00	1.200720e-01	8.636504e-01	2.120976e+00	7.533267e-01	9.307535e-01	
1  0.397913	1.222151e+00	1.175805e-01	8.767322e-01	2.114952e+00	7.453944e-01	9.394245e-01	
1  0.43097	9.911358e-01	1.127923e-01	8.789563e-01	2.192749e+00	7.232237e-01	9.366942e-01	
1  0.584748	9.585217e-01	1.119482e-01	8.813119e-01	2.207877e+00	7.202468e-01	9.358230e-01	
1  0.57439	9.585217e-01	1.119482e-01	8.813119e-01	2.207877e+00	7.202468e-01	9.356985e-01	
1  0.404491	1.034834e+00	1.143292e-01	8.690422e-01	2.222957e+00	7.249981e-01	9.248026e-01	
2  0.615244	9.493233e-01	1.130631e-01	8.739104e-01	2.229812e+00	7.206120e-01	9.232928e-01	
1  0.886337	8.426075e-01	1.122364e-01	8.693658e-01	2.231806e+00	7.191067e-01	9.195990e-01	
1  2.57748	6.907653e-01	1.075301e-01	8.778998e-01	2.329877e+00	6.963766e-01	9.176018e-01	
1  2.55419	6.907653e-01	1.075301e-01	8.778998e-01	2.329877e+00	6.963766e-01	9.175010e-01	
5  1.71403	8.193561e-01	1.083972e-01	8.874104e-01	2.291338e+00	7.054184e-01	9.285827e-01	
1  1.82595	8.193561e-01	1.083972e-01	8.874104e-01	2.291338e+00	7.054184e-01	9.291865e-01	
1  0.96783	1.002868e+00	1.109917e-01	8.791025e-01	2.312496e+00	7.213451e-01	9.216847e-01	
1  1.06656	8.976246e-01	1.121462e-01	8.650295e-01	2.306242e+00	7.221342e-01	9.080738e-01	
1  0.665796	1.052226e+00	1.145800e-01	8.593464e-01	2.328003e+00	7.359835e-01	8.984499e-01	
1  0.508414	1.315114e+00	1.174601e-01	8.591696e-01	2.347212e+00	7.492617e-01	8.959073e-01	
1  0.626623	1.485470e+00	1.203889e-01	8.657384e-01	2.266094e+00	7.671041e-01	9.053339e-01	
2  0.554264	1.485470e+00	1.203889e-01	8.657384e-01	2.266094e+00	7.671041e-01	9.064243e-01	
1  0.393337	1.370928e+00	1.173011e-01	8.716724e-01	2.298532e+00	7.544297e-01	9.108272e-01	
1  0.760303	1.125870e+00	1.144158e-01	8.593450e-01	2.396515e+00	7.308890e-01	8.926075e-01	
1  0.810226	1.069556e+00	1.141374e-01	8.581453e-01	2.369435e+00	7.336398e-01	8.951646e-01	
1  1.02153	1.025436e+00	1.131358e-01	8.568943e-01	2.416564e+00	7.231221e-01	8.895547e-01	
1  1.11162	1.025436e+00	1.131358e-01	8.568943e-01	2.416564e+00	7.231221e-01	8.903837e-01	
1  0.97617	1.052230e+00	1.139839e-01	8.487852e-01	2.439619e+00	7.239465e-01	8.833960e-01	
1  0.641291	1.347166e+00	1.188330e-01	8.449369e-01	2.382059e+00	7.488289e-01	8.868374e-01	
1  1.00818	1.490561e+00	1.215759e-01	8.374138e-01	2.404516e+00	7.584430e-01	8.754843e-01	
1  0.860482	1.429689e+00	1.194745e-01	8.371093e-01	2.471617e+00	7.483205e-01	8.706650e-01	
2  0.729995	1.180978e+00	1.157848e-01	8.476972e-01	2.433057e+00	7.363719e-01	8.818607e-01	
1  0.677892	1.418408e+00	1.202172e-01	8.485501e-01	2.338525e+00	7.599587e-01	8.906795e-01	
1  1.42277	1.677098e+00	1.246934e-01	8.478812e-01	2.279246e+00	7.804949e-01	8.938791e-01	
1  0.651405	1.493559e+00	1.208229e-01	8.558815e-01	2.299764e+00	7.660321e-01	8.997566e-01	
1  0.445473	1.294695e+00	1.174867e-01	8.661362e-01	2.288318e+00	7.575365e-01	9.057642e-01	
1  1.48208	9.978474e-01	1.111614e-01	8.739616e-01	2.377385e+00	7.295219e-01	9.046138e-01	
2  1.65933	9.978474e-01	1.111614e-01	8.739616e-01	2.377385e+00	7.295219e-01	9.057050e-01	
1  0.867586	1.124242e+00	1.144453e-01	8.738269e-01	2.302654e+00	7.487681e-01	9.080230e-01	
1  1.49004	1.048601e+00	1.115710e-01	8.840959e-01	2.329639e+00	7.377203e-01	9.144691e-01	
1  1.59929	1.029208e+00	1.111342e-01	8.861998e-01	2.326409e+00	7.329851e-01	9.172402e-01	
1  1.22255	1.127672e+00	1.111348e-01	8.904279e-01	2.316609e+00	7.370033e-01	9.273468e-01	
1  1.18411	1.127672e+00	1.111348e-01	8.904279e-01	2.316609e+00	7.370033e-01	9.270731e-01	
1  0.453254	1.393932e+00	1.159697e-01	8.918073e-01	2.270768e+00	7.559670e-01	9.249452e-01	
1  0.336631	1.407720e+00	1.181132e-01	8.813202e-01	2.249348e+00	7.585538e-01	9.186343e-01	
1  0.301541	1.528114e+00	1.195162e-01	8.858080e-01	2.204140e+00	7.708964e-01	9.271878e-01	
1  0.829893	1.821065e+00	1.244263e-01	8.822804e-01	2.169143e+00	7.896200e-01	9.260740e-01	
1  0.287433	1.557384e+00	1.190271e-01	8.885001e-01	2.241196e+00	7.665158e-01	9.249257e-01	
1  0.288625	1.557384e+00	1.190271e-01	8.885001e-01	2.241196e+00	7.665158e-01	9.258226e-01	
1  0.351903	1.568179e+00	1.197806e-01	8.827466e-01	2.273047e+00	7.702010e-01	9.140925e-01	
1  0.742458	1.859385e+00	1.252056e-01	8.769700e-01	2.221814e+00	7.870711e-01	9.143990e-01	
1  0.657921	1.709289e+00	1.239828e-01	8.720084e-01	2.229685e+00	7.808068e-01	9.091863e-01	
1  0.612336	1.786410e+00	1.240131e-01	8.771875e-01	2.227926e+00	7.852400e-01	9.144530e-01	
1  0.33913	1.810126e+00	1.220093e-01	8.891150e-01	2.249898e+00	7.813341e-01	9.234401e-01	
1  0.341638	1.810126e+00	1.220093e-01	8.891150e-01	2.249898e+00	7.813341e-01	9.233715e-01	
1  0.449235	1.784100e+00	1.228902e-01	8.809900e-01	2.260130e+00	7.816723e-01	9.140925e-01	
1  0.451923	1.846531e+00	1.230911e-01	8.875018e-01	2.216173e+00	7.878822e-01	9.262937e-01	
1  0.299175	1.676434e+00	1.200811e-01	8.908130e-01	2.249208e+00	7.764912e-01	9.246698e-01	
1  0.438891	1.618647e+00	1.172238e-01	8.976100e-01	2.313805e+00	7.656343e-01	9.243511e-01	
1  1.83831	1.196684e+00	1.091699e-01	9.034395e-01	2.418952e+00	7.311023e-01	9.213330e-01	
1  1.75278	1.196684e+00	1.091699e-01	9.034395e-01	2.418952e+00	7.311023e-01	9.208610e-01	
1  1.83971	1.228641e+00	1.087014e-01	9.110795e-01	2.424507e+00	7.288664e-01	9.245215e-01	
1  1.15084	1.400899e+00	1.117724e-01	9.031295e-01	2.426566e+00	7.428659e-01	9.177022e-01	
2  0.828974	1.517540e+00	1.138615e-01	8.963148e-01	2.452715e+00	7.455514e-01	9.092681e-01	
1  1.18364	1.418807e+00	1.105649e-01	9.025801e-01	2.493149e+00	7.365980e-01	9.135708e-01	
1  1.01071	1.418807e+00	1.105649e-01	9.025801e-01	2.493149e+00	7.365980e-01	9.121674e-01	
2  0.712064	1.695242e+00	1.129951e-01	9.115441e-01	2.502781e+00	7.434278e-01	9.158868e-01	
1  0.800327	1.569386e+00	1.130261e-01	9.054445e-01	2.491129e+00	7.385107e-01	9.089604e-01	
1  0.532608	1.717409e+00	1.161020e-01	8.842488e-01	2.569896e+00	7.429047e-01	8.871842e-01	
1  0.586769	1.985114e+00	1.217051e-01	8.749911e-01	2.507647e+00	7.615107e-01	8.870753e-01	
1  0.532939	1.985114e+00	1.217051e-01	8.749911e-01	2.507647e+00	7.615107e-01	8.882400e-01	
1  0.505066	2.099297e+00	1.224327e-01	8.785017e-01	2.493595e+00	7.679084e-01	8.952817e-01	
1  0.402845	2.099128e+00	1.210009e-01	8.855902e-01	2.499397e+00	7.631799e-01	9.034471e-01	
1  0.386854	2.214911e+00	1.231192e-01	8.882765e-01	2.428687e+00	7.770697e-01	9.128482e-01	
1  0.354245	2.034731e+00	1.182866e-01	8.985175e-01	2.492850e+00	7.546696e-01	9.167658e-01	
1  0.330662	2.229690e+00	1.214708e-01	8.959099e-01	2.471514e+00	7.697508e-01	9.154216e-01	
1  0.328251	2.229690e+00	1.214708e-01	8.959099e-01	2.471514e+00	7.697508e-01	9.162199e-01	
1  0.336164	2.238722e+00	1.220879e-01	8.885785e-01	2.475611e+00	7.670525e-01	9.146719e-01	
1  0.324667	2.121338e+00	1.196562e-01	8.937999e-01	2.477613e+00	7.628031e-01	9.193708e-01	
1  0.367364	1.948136e+00	1.167217e-01	8.998502e-01	2.450271e+00	7.595261e-01	9.287971e-01	
1  0.361758	1.848709e+00	1.177303e-01	8.848739e-01	2.452257e+00	7.536981e-01	9.170329e-01	
1  0.367316	1.897431e+00	1.180592e-01	8.784884e-01	2.485827e+00	7.507173e-01	9.140363e-01	
1  0.367975	1.897431e+00	1.180592e-01	8.784884e-01	2.485827e+00	7.507173e-01	9.143062e-01	
1  0.572355	2.191825e+00	1.234967e-01	8.688655e-01	2.432391e+00	7.734837e-01	9.147729e-01	
1  0.353231	1.833754e+00	1.147261e-01	8.923155e-01	2.473505e+00	7.440307e-01	9.327968e-01	
1  0.300383	1.911449e+00	1.172691e-01	8.840014e-01	2.452922e+00	7.491124e-01	9.285600e-01	
1  0.407522	2.189215e+00	1.219995e-01	8.766194e-01	2.419354e+00	7.711840e-01	9.269650e-01	
1  0.288658	1.904897e+00	1.161043e-01	8.882985e-01	2.455187e+00	7.482077e-01	9.347116e-01	
1  0.279438	1.904897e+00	1.161043e-01	8.882985e-01	2.455187e+00	7.482077e-01	9.340721e-01	
1  1.01342	2.557190e+00	1.290126e-01	8.727434e-01	2.349144e+00	7.961755e-01	9.248146e-01	
2  2.65909	2.857935e+00	1.358578e-01	8.581160e-01	2.301254e+00	8.149766e-01	9.170744e-01	
2  3.47511	2.799372e+00	1.367661e-01	8.524805e-01	2.270950e+00	8.148664e-01	9.138364e-01	
4  3.08034	2.799372e+00	1.367661e-01	8.524805e-01	2.270950e+00	8.148664e-01	9.154307e-01	
1  2.96167	2.675604e+00	1.352317e-01	8.576779e-01	2.222020e+00	8.157386e-01	9.242662e-01	
1  2.49498	2.393423e+00	1.322071e-01	8.478055e-01	2.271761e+00	7.918523e-01	9.147370e-01	
5  2.12107	2.393423e+00	1.322071e-01	8.478055e-01	2.271761e+00	7.918523e-01	9.165934e-01	
1  1.16381	2.133860e+00	1.276032e-01	8.524071e-01	2.287115e+00	7.784770e-01	9.219338e-01	
1  1.21022	2.133860e+00	1.276032e-01	8.524071e-01	2.287115e+00	7.784770e-01	9.215826e-01	
1  0.424697	1.663721e+00	1.193781e-01	8.557999e-01	2.380057e+00	7.375440e-01	9.205769e-01	
1  0.573621	1.511479e+00	1.175148e-01	8.489607e-01	2.452290e+00	7.217204e-01	9.070287e-01	
2  0.933848	1.307442e+00	1.137902e-01	8.542123e-01	2.490887e+00	6.980864e-01	9.087896e-01	
1  0.701287	1.398908e+00	1.166142e-01	8.464663e-01	2.475054e+00	7.077616e-01	9.011895e-01	
1  0.637021	1.398908e+00	1.166142e-01	8.464663e-01	2.475054e+00	7.077616e-01	8.997310e-01	
1  1.13768	1.158775e+00	1.119808e-01	8.434883e-01	2.583901e+00	6.843744e-01	8.890601e-01	
1  0.917309	1.252302e+00	1.136293e-01	8.384040e-01	2.576663e+00	6.872908e-01	8.892385e-01	
1  0.998415	1.208600e+00	1.129940e-01	8.381274e-01	2.600263e+00	6.827775e-01	8.848414e-01	
1  0.869813	1.256774e+00	1.147131e-01	8.366512e-01	2.529041e+00	6.936636e-01	8.924523e-01	
1  0.934629	1.260394e+00	1.122050e-01	8.446729e-01	2.578574e+00	6.872622e-01	8.980040e-01	
1  1.01515	1.260394e+00	1.122050e-01	8.446729e-01	2.578574e+00	6.872622e-01	8.989204e-01	
2  0.984515	1.281363e+00	1.118617e-01	8.465452e-01	2.601955e+00	6.833733e-01	8.982889e-01	
1  0.773303	1.432690e+00	1.122681e-01	8.645361e-01	2.559526e+00	6.912658e-01	9.138226e-01	
1  0.855073	1.386080e+00	1.113299e-01	8.684670e-01	2.537981e+00	6.844161e-01	9.221121e-01	
1  0.952161	1.347683e+00	1.103027e-01	8.712524e-01	2.553035e+00	6.773117e-01	9.231035e-01	
1  0.916951	1.347683e+00	1.103027e-01	8.712524e-01	2.553035e+00	6.773117e-01	9.227903e-01	
1  0.642528	1.685919e+00	1.209932e-01	8.427884e-01	2.453636e+00	7.160457e-01	9.022254e-01	
1  0.457209	1.699763e+00	1.190164e-01	8.573612e-01	2.466295e+00	7.104620e-01	9.120602e-01	
1  0.578889	1.581213e+00	1.175901e-01	8.488251e-01	2.523290e+00	6.997417e-01	9.016209e-01	
1  0.541214	1.596662e+00	1.164461e-01	8.556672e-01	2.530074e+00	6.953965e-01	9.090260e-01	
1  0.764662	1.386757e+00	1.138293e-01	8.562120e-01	2.547056e+00	6.844481e-01	9.052022e-01	
1  0.765845	1.386757e+00	1.138293e-01	8.562120e-01	2.547056e+00	6.844481e-01	9.052180e-01	
2  0.799473	1.421204e+00	1.122400e-01	8.711321e-01	2.548391e+00	6.866726e-01	9.147613e-01	
1  0.878963	1.385291e+00	1.123751e-01	8.740132e-01	2.512691e+00	6.897872e-01	9.172700e-01	
2  1.59643	1.160799e+00	1.066842e-01	8.851008e-01	2.571237e+00	6.645074e-01	9.248544e-01	
1  1.49635	1.160799e+00	1.066842e-01	8.851008e-01	2.571237e+00	6.645074e-01	9.242663e-01	
2  1.14907	1.223915e+00	1.103635e-01	8.673326e-01	2.558552e+00	6.749792e-01	9.095428e-01	
2  1.00889	1.195832e+00	1.133649e-01	8.454065e-01	2.543551e+00	6.799697e-01	8.938153e-01	
1  0.777546	1.438737e+00	1.194972e-01	8.322453e-01	2.503559e+00	7.016982e-01	8.819648e-01	
1  0.802837	1.438737e+00	1.194972e-01	8.322453e-01	2.503559e+00	7.016982e-01	8.809692e-01	
1  1.23209	1.516422e+00	1.225194e-01	8.203687e-01	2.457110e+00	7.090494e-01	8.801569e-01	
1  0.941837	1.516326e+00	1.214966e-01	8.292696e-01	2.447701e+00	7.065020e-01	8.880025e-01	
1  1.1911	1.502872e+00	1.222466e-01	8.206135e-01	2.459435e+00	7.090003e-01	8.800898e-01	
1  2.41896	1.683698e+00	1.259626e-01	8.053414e-01	2.499357e+00	7.139974e-01	8.648811e-01	
1  2.69344	1.673804e+00	1.260139e-01	8.005572e-01	2.531167e+00	7.152461e-01	8.565480e-01	
2  2.42767	1.673804e+00	1.260139e-01	8.005572e-01	2.531167e+00	7.152461e-01	8.579951e-01	
1  1.16946	1.690209e+00	1.221120e-01	8.239881e-01	2.563215e+00	7.028183e-01	8.765294e-01	
1  2.53202	1.834554e+00	1.264549e-01	8.049634e-01	2.577908e+00	7.135532e-01	8.587801e-01	
2  2.58204	1.879856e+00	1.277268e-01	8.072884e-01	2.512707e+00	7.230252e-01	8.671000e-01	
1  2.63506	1.879856e+00	1.277268e-01	8.072884e-01	2.512707e+00	7.230252e-01	8.668252e-01	
1  1.82374	1.584930e+00	1.234770e-01	8.050505e-01	2.555948e+00	6.982057e-01	8.644612e-01	
1  1.20479	1.327127e+00	1.177057e-01	8.113239e-01	2.637484e+00	6.710589e-01	8.654223e-01	
1  1.22022	1.103588e+00	1.127006e-01	8.195404e-01	2.713470e+00	6.481969e-01	8.638982e-01	
1  2.44833	7.032034e-01	1.037826e-01	8.306350e-01	2.821242e+00	6.157792e-01	8.664626e-01	
1  1.36365	1.088431e+00	1.129714e-01	8.092058e-01	2.805734e+00	6.477167e-01	8.404187e-01	
1  1.39384	1.088431e+00	1.129714e-01	8.092058e-01	2.805734e+00	6.477167e-01	8.387623e-01	
2  1.45372	1.118041e+00	1.143960e-01	8.053051e-01	2.774337e+00	6.554914e-01	8.382394e-01	
2  1.6124	1.194930e+00	1.155932e-01	8.040414e-01	2.779334e+00	6.589355e-01	8.355864e-01	
1  1.32837	1.069062e+00	1.134580e-01	8.093755e-01	2.763191e+00	6.530799e-01	8.422870e-01	
2  1.33353	1.069062e+00	1.134580e-01	8.093755e-01	2.763191e+00	6.530799e-01	8.418995e-01	
2  1.12816	1.069567e+00	1.138188e-01	8.194787e-01	2.669100e+00	6.633409e-01	8.568906e-01	
1  1.36464	9.303307e-01	1.115379e-01	8.227294e-01	2.673658e+00	6.512604e-01	8.605651e-01	
1  1.75323	8.036052e-01	1.111108e-01	8.191665e-01	2.643304e+00	6.471467e-01	8.605584e-01	
1  1.92943	8.036052e-01	1.111108e-01	8.191665e-01	2.643304e+00	6.471467e-01	8.618314e-01	
3  3.41411	5.789533e-01	1.067925e-01	8.243079e-01	2.700308e+00	6.270728e-01	8.600866e-01	
1  3.14213	5.756158e-01	1.064435e-01	8.230935e-01	2.748773e+00	6.222950e-01	8.518805e-01	
1  1.87532	7.505412e-01	1.118830e-01	8.079857e-01	2.694418e+00	6.390728e-01	8.437285e-01	
1  1.72706	7.505412e-01	1.118830e-01	8.079857e-01	2.694418e+00	6.390728e-01	8.423492e-01	
4  1.65007	7.728356e-01	1.126534e-01	8.085772e-01	2.668981e+00	6.425818e-01	8.442422e-01	
1  1.88137	7.354522e-01	1.102360e-01	8.140894e-01	2.705039e+00	6.377027e-01	8.486027e-01	
1  1.7904	7.354522e-01	1.102360e-01	8.140894e-01	2.705039e+00	6.377027e-01	8.478697e-01	
2  1.86832	6.931826e-01	1.104513e-01	8.097658e-01	2.714682e+00	6.398550e-01	8.401879e-01	
2  2.0972	6.777013e-01	1.095781e-01	8.190220e-01	2.682921e+00	6.411400e-01	8.497289e-01	
1  1.33255	8.751020e-01	1.146857e-01	8.097003e-01	2.587094e+00	6.665392e-01	8.523803e-01	
1  1.30869	8.751020e-01	1.146857e-01	8.097003e-01	2.587094e+00	6.665392e-01	8.519318e-01	
1  1.03799	1.024680e+00	1.168772e-01	8.175277e-01	2.527208e+00	6.805787e-01	8.599752e-01	
1  1.31608	8.438713e-01	1.140459e-01	8.288965e-01	2.495995e+00	6.750426e-01	8.679399e-01	
1  1.33544	8.299795e-01	1.141435e-01	8.291735e-01	2.483644e+00	6.766228e-01	8.683536e-01	
2  2.34242	6.945389e-01	1.098991e-01	8.357752e-01	2.553606e+00	6.598949e-01	8.705432e-01	
2  2.35293	6.945389e-01	1.098991e-01	8.357752e-01	2.553606e+00	6.598949e-01	8.705957e-01	
1  2.25379	7.306575e-01	1.103842e-01	8.451496e-01	2.475517e+00	6.671798e-01	8.854434e-01	
2  3.46439	6.154372e-01	1.078724e-01	8.569951e-01	2.424718e+00	6.645364e-01	9.017549e-01	
1  3.02169	6.983331e-01	1.071962e-01	8.608104e-01	2.452727e+00	6.660880e-01	9.065055e-01	
1  2.70552	6.983331e-01	1.071962e-01	8.608104e-01	2.452727e+00	6.660880e-01	9.052088e-01	
1  1.90063	7.900190e-01	1.090937e-01	8.472582e-01	2.509407e+00	6.674575e-01	8.903268e-01	
1  1.33654	7.925512e-01	1.139723e-01	8.177200e-01	2.514263e+00	6.720418e-01	8.616044e-01	
3  2.32818	6.005851e-01	1.107925e-01	8.200610e-01	2.544780e+00	6.562919e-01	8.611966e-01	
1  2.07114	6.005851e-01	1.107925e-01	8.200610e-01	2.544780e+00	6.562919e-01	8.597304e-01	
1  1.84314	6.889757e-01	1.096743e-01	8.307113e-01	2.580845e+00	6.561234e-01	8.646861e-01	
1  1.2242	8.040305e-01	1.136615e-01	8.185678e-01	2.537831e+00	6.693277e-01	8.582008e-01	
1  1.36017	1.149406e+00	1.196970e-01	8.120022e-01	2.474348e+00	6.905904e-01	8.616603e-01	
1  1.59298	1.277871e+00	1.221841e-01	8.183585e-01	2.378555e+00	7.064088e-01	8.743318e-01	
1  2.07407	1.226192e+00	1.231775e-01	8.078561e-01	2.401702e+00	7.036055e-01	8.600148e-01	
3  2.16425	1.226192e+00	1.231775e-01	8.078561e-01	2.401702e+00	7.036055e-01	8.594551e-01	
1  1.2462	1.006468e+00	1.197033e-01	8.110716e-01	2.390109e+00	6.946845e-01	8.665843e-01	
1  1.16869	9.270922e-01	1.176820e-01	8.083846e-01	2.459954e+00	6.824923e-01	8.599313e-01	
1  1.9402	6.480401e-01	1.100044e-01	8.292921e-01	2.520295e+00	6.541864e-01	8.737708e-01	
2  1.87092	6.480401e-01	1.100044e-01	8.292921e-01	2.520295e+00	6.541864e-01	8.733422e-01	
2  1.32599	7.900947e-01	1.108543e-01	8.309446e-01	2.529579e+00	6.625912e-01	8.764480e-01	
2  1.08031	8.788024e-01	1.124975e-01	8.258064e-01	2.578989e+00	6.603399e-01	8.635000e-01	
3  0.997412	8.788024e-01	1.124975e-01	8.258064e-01	2.578989e+00	6.603399e-01	8.611770e-01	
1  1.13773	8.802553e-01	1.149364e-01	8.138155e-01	2.539172e+00	6.664298e-01	8.554842e-01	
2  1.48254	6.510864e-01	1.105704e-01	8.164254e-01	2.578871e+00	6.524843e-01	8.568781e-01	
1  1.51924	6.510864e-01	1.105704e-01	8.164254e-01	2.578871e+00	6.524843e-01	8.572500e-01	
1  1.54281	6.484847e-01	1.101268e-01	8.169397e-01	2.599271e+00	6.513290e-01	8.552491e-01	
2  1.45213	8.280010e-01	1.137364e-01	8.011809e-01	2.659845e+00	6.611449e-01	8.341713e-01	
1  1.13441	8.115801e-01	1.116897e-01	8.205177e-01	2.608251e+00	6.609775e-01	8.544980e-01	
1  1.21517	7.795062e-01	1.093230e-01	8.227261e-01	2.684010e+00	6.553640e-01	8.502638e-01	
1  1.25396	7.795062e-01	1.093230e-01	8.227261e-01	2.684010e+00	6.553640e-01	8.509083e-01	
1  0.976547	9.227314e-01	1.100349e-01	8.337196e-01	2.673653e+00	6.615573e-01	8.579447e-01	
1  1.41545	6.963907e-01	1.066447e-01	8.270956e-01	2.755673e+00	6.426051e-01	8.462169e-01	
1  1.69437	5.561247e-01	1.057452e-01	8.122359e-01	2.841534e+00	6.233987e-01	8.269362e-01	
1  1.8797	5.177242e-01	1.031773e-01	8.218028e-01	2.856138e+00	6.210232e-01	8.357053e-01	
1  1.22448	7.646308e-01	1.060527e-01	8.292532e-01	2.792030e+00	6.433236e-01	8.475008e-01	
1  1.13677	7.646308e-01	1.060527e-01	8.292532e-01	2.792030e+00	6.433236e-01	8.457053e-01	
2  1.30843	7.231066e-01	1.054283e-01	8.171922e-01	2.862100e+00	6.358506e-01	8.341838e-01	
1  1.49388	7.867124e-01	1.070779e-01	8.116707e-01	2.883059e+00	6.387831e-01	8.243133e-01	
1  1.34975	5.737449e-01	1.017308e-01	8.241655e-01	2.959890e+00	6.121668e-01	8.259857e-01	
1  1.35579	5.684090e-01	1.018417e-01	8.302355e-01	2.906973e+00	6.145144e-01	8.354207e-01	
1  1.29776	5.684090e-01	1.018417e-01	8.302355e-01	2.906973e+00	6.145144e-01	8.344163e-01	
1  0.923321	8.533720e-01	1.063536e-01	8.401946e-01	2.761027e+00	6.417763e-01	8.566454e-01	
1  0.88377	8.757798e-01	1.059207e-01	8.430265e-01	2.760860e+00	6.473013e-01	8.596007e-01	
1  1.01549	6.899044e-01	1.005788e-01	8.540148e-01	2.830238e+00	6.228904e-01	8.656801e-01	
1  0.99738	7.014258e-01	1.007140e-01	8.469960e-01	2.857725e+00	6.252168e-01	8.603733e-01	
1  1.45282	5.916329e-01	9.907940e-02	8.541796e-01	2.794756e+00	6.211309e-01	8.758024e-01	
3  1.31549	5.916329e-01	9.907940e-02	8.541796e-01	2.794756e+00	6.211309e-01	8.747106e-01	
1  1.02192	6.586815e-01	9.912214e-02	8.576221e-01	2.802735e+00	6.199231e-01	8.786248e-01	
1  1.54203	5.287761e-01	9.767589e-02	8.547056e-01	2.801698e+00	6.139964e-01	8.786282e-01	
1  1.65022	5.225602e-01	9.756557e-02	8.575122e-01	2.786169e+00	6.170239e-01	8.809370e-01	
1  1.6761	5.225602e-01	9.756557e-02	8.575122e-01	2.786169e+00	6.170239e-01	8.811037e-01	
1  1.62996	5.337713e-01	9.744808e-02	8.634835e-01	2.774087e+00	6.154288e-01	8.848388e-01	
2  1.12099	6.251171e-01	9.783366e-02	8.610529e-01	2.794471e+00	6.176930e-01	8.863653e-01	
2  0.929097	5.628500e-01	9.521962e-02	8.589263e-01	2.908853e+00	5.987939e-01	8.764068e-01	
1  1.03457	5.628500e-01	9.521962e-02	8.589263e-01	2.908853e+00	5.987939e-01	8.778218e-01	
1  0.733136	7.538789e-01	9.785639e-02	8.627675e-01	2.860596e+00	6.140696e-01	8.848080e-01	
2  0.755981	7.150917e-01	9.666102e-02	8.686830e-01	2.837715e+00	6.121245e-01	8.940195e-01	
1  0.502171	7.678680e-01	9.478280e-02	8.798313e-01	2.836739e+00	6.116616e-01	9.100532e-01	
1  0.684353	5.656367e-01	9.102102e-02	8.856059e-01	2.852341e+00	5.962043e-01	9.154261e-01	
4  0.679165	5.656367e-01	9.102102e-02	8.856059e-01	2.852341e+00	5.962043e-01	9.153578e-01	
1  0.980114	6.458513e-01	9.574315e-02	8.673773e-01	2.794765e+00	6.088321e-01	9.056415e-01	
1  0.885851	6.929746e-01	9.676095e-02	8.630756e-01	2.797994e+00	6.110092e-01	9.029581e-01	
1  0.801034	6.929746e-01	9.676095e-02	8.630756e-01	2.797994e+00	6.110092e-01	9.018242e-01	
1  0.880199	6.594634e-01	9.615164e-02	8.679006e-01	2.778517e+00	6.107942e-01	9.062962e-01	
1  0.697196	7.067125e-01	9.609519e-02	8.731377e-01	2.777579e+00	6.093308e-01	9.106735e-01	
1  0.634536	1.017858e+00	1.027945e-01	8.566980e-01	2.752786e+00	6.340090e-01	8.980142e-01	
1  0.767684	9.267096e-01	1.022996e-01	8.469307e-01	2.792681e+00	6.315823e-01	8.858349e-01	
1  0.74213	7.540281e-01	9.780727e-02	8.552187e-01	2.850883e+00	6.135715e-01	8.888256e-01	
1  0.718516	7.540281e-01	9.780727e-02	8.552187e-01	2.850883e+00	6.135715e-01	8.872379e-01	
1  0.883569	9.719012e-01	1.022609e-01	8.476760e-01	2.818843e+00	6.221433e-01	8.852211e-01	
1  0.765285	8.327981e-01	9.981412e-02	8.523371e-01	2.832706e+00	6.063914e-01	8.884535e-01	
1  0.666779	8.862737e-01	1.008868e-01	8.571572e-01	2.785172e+00	6.174056e-01	8.933971e-01	
2  0.682624	9.223729e-01	1.006256e-01	8.599033e-01	2.818905e+00	6.202139e-01	8.888419e-01	
1  0.730606	9.223729e-01	1.006256e-01	8.599033e-01	2.818905e+00	6.202139e-01	8.875634e-01	
1  0.664674	8.679302e-01	1.002941e-01	8.581317e-01	2.788327e+00	6.187276e-01	8.930259e-01	
2  0.946124	1.115279e+00	1.070589e-01	8.458642e-01	2.712768e+00	6.455702e-01	8.842002e-01	
1  1.66306	1.326137e+00	1.130445e-01	8.322464e-01	2.651902e+00	6.684428e-01	8.751539e-01	
1  1.56383	1.449906e+00	1.125974e-01	8.427069e-01	2.651224e+00	6.711723e-01	8.873255e-01	
1  1.80873	1.449906e+00	1.125974e-01	8.427069e-01	2.651224e+00	6.711723e-01	8.857014e-01	
1  2.02089	1.618190e+00	1.142447e-01	8.478455e-01	2.629522e+00	6.804367e-01	8.922385e-01	
1  2.44051	1.607214e+00	1.148574e-01	8.389587e-01	2.657068e+00	6.779658e-01	8.831647e-01	
1  1.60215	1.371391e+00	1.114101e-01	8.431242e-01	2.656577e+00	6.619161e-01	8.875210e-01	
1  0.898502	1.214613e+00	1.070077e-01	8.591860e-01	2.664218e+00	6.448915e-01	9.015896e-01	
1  0.507482	1.052270e+00	1.038304e-01	8.694384e-01	2.629003e+00	6.382657e-01	9.156191e-01	
1  0.456158	1.052270e+00	1.038304e-01	8.694384e-01	2.629003e+00	6.382657e-01	9.180615e-01	
1  0.46839	8.154430e-01	9.829432e-02	8.803656e-01	2.701334e+00	6.132480e-01	9.197631e-01	
1  0.444467	1.143588e+00	1.041399e-01	8.756681e-01	2.650844e+00	6.373141e-01	9.181494e-01	
1  0.427894	1.269279e+00	1.079136e-01	8.749303e-01	2.531035e+00	6.593980e-01	9.275195e-01	
1  0.501482	1.364627e+00	1.096362e-01	8.749017e-01	2.516821e+00	6.648871e-01	9.268166e-01	
1  0.452468	1.193439e+00	1.057535e-01	8.742043e-01	2.619382e+00	6.456270e-01	9.174693e-01	
1  0.508834	1.193439e+00	1.057535e-01	8.742043e-01	2.619382e+00	6.456270e-01	9.160808e-01	
1  0.996343	1.442643e+00	1.109203e-01	8.641593e-01	2.605943e+00	6.595160e-01	9.066036e-01	
1  1.35953	1.475887e+00	1.107208e-01	8.585924e-01	2.684081e+00	6.549037e-01	8.948691e-01	
1  1.26523	1.432812e+00	1.109551e-01	8.567980e-01	2.658560e+00	6.541590e-01	8.959287e-01	
1  1.34543	1.467026e+00	1.095523e-01	8.613935e-01	2.696773e+00	6.427827e-01	9.020217e-01	
1  1.35957	1.670737e+00	1.105156e-01	8.724583e-01	2.666224e+00	6.547963e-01	9.167614e-01	
1  1.58759	1.670737e+00	1.105156e-01	8.724583e-01	2.666224e+00	6.547963e-01	9.152503e-01	
3  1.44389	1.587303e+00	1.069429e-01	8.834202e-01	2.730090e+00	6.461490e-01	9.157289e-01	
3  1.1484	1.429612e+00	1.031503e-01	8.956163e-01	2.752214e+00	6.323061e-01	9.218568e-01	
1  0.824871	1.201651e+00	9.946643e-02	9.004572e-01	2.756855e+00	6.159959e-01	9.273145e-01	
1  1.09429	9.989399e-01	9.797552e-02	8.783076e-01	2.856024e+00	5.972830e-01	9.045664e-01	
1  0.926333	8.834392e-01	9.482714e-02	8.864347e-01	2.861281e+00	5.861882e-01	9.150108e-01	
1  0.875666	1.046203e+00	9.643187e-02	8.978536e-01	2.793888e+00	6.002738e-01	9.294448e-01	
1  0.768325	9.819136e-01	9.397140e-02	9.100185e-01	2.772446e+00	5.967508e-01	9.434108e-01	
2  0.801765	9.819136e-01	9.397140e-02	9.100185e-01	2.772446e+00	5.967508e-01	9.431082e-01	
1  0.835155	1.192683e+00	9.785380e-02	9.076948e-01	2.720374e+00	6.171022e-01	9.444044e-01	
1  0.599425	1.146389e+00	9.700143e-02	9.139113e-01	2.657724e+00	6.242264e-01	9.575414e-01	
1  0.835721	1.143318e+00	9.409504e-02	9.336488e-01	2.656523e+00	6.242036e-01	9.726090e-01	
1  1.27971	1.245734e+00	9.395767e-02	9.413648e-01	2.662666e+00	6.263192e-01	9.796401e-01	
2  1.15557	1.245734e+00	9.395767e-02	9.413648e-01	2.662666e+00	6.263192e-01	9.804718e-01	
1  1.29381	1.245322e+00	9.333014e-02	9.443193e-01	2.684010e+00	6.272328e-01	9.784317e-01	
1  1.43219	1.314913e+00	9.408124e-02	9.441513e-01	2.705050e+00	6.294585e-01	9.742534e-01	
2  1.3367	1.302828e+00	9.419453e-02	9.447559e-01	2.724910e+00	6.254489e-01	9.682289e-01	
2  1.24116	1.302828e+00	9.419453e-02	9.447559e-01	2.724910e+00	6.254489e-01	9.688461e-01	
2  0.98252	1.535453e+00	9.805826e-02	9.475916e-01	2.630453e+00	6.497066e-01	9.804609e-01	
1  0.922524	1.308291e+00	9.533510e-02	9.406111e-01	2.678075e+00	6.350400e-01	9.712973e-01	
1  1.39955	1.047733e+00	8.981355e-02	9.466022e-01	2.748255e+00	6.062749e-01	9.736019e-01	
2  1.39776	1.047733e+00	8.981355e-02	9.466022e-01	2.748255e+00	6.062749e-01	9.736131e-01	
1  0.610233	1.073140e+00	9.252482e-02	9.419035e-01	2.684348e+00	6.197344e-01	9.700698e-01	
1  0.614859	1.114725e+00	9.488875e-02	9.234630e-01	2.743677e+00	6.222048e-01	9.471330e-01	
1  0.646974	1.532201e+00	1.007899e-01	9.330810e-01	2.645329e+00	6.504912e-01	9.607835e-01	
1  1.22473	1.390004e+00	9.438992e-02	9.595904e-01	2.670815e+00	6.365024e-01	9.822411e-01	
1  0.980842	1.390004e+00	9.438992e-02	9.595904e-01	2.670815e+00	6.365024e-01	9.839620e-01	
1  0.613094	1.496156e+00	9.764877e-02	9.537098e-01	2.618056e+00	6.460837e-01	9.834896e-01	
1  0.374446	1.362868e+00	9.734944e-02	9.464712e-01	2.604694e+00	6.447822e-01	9.778631e-01	
1  0.631655	1.053715e+00	9.021727e-02	9.646073e-01	2.626487e+00	6.199467e-01	9.941453e-01	
1  0.492088	1.207338e+00	9.382843e-02	9.529534e-01	2.605421e+00	6.337053e-01	9.885065e-01	
1  0.465135	7.456032e-01	8.610986e-02	9.552977e-01	2.664879e+00	5.953078e-01	9.926774e-01	
1  0.426822	7.456032e-01	8.610986e-02	9.552977e-01	2.664879e+00	5.953078e-01	9.931070e-01	
2  0.831419	5.826785e-01	8.170370e-02	9.669824e-01	2.699794e+00	5.824265e-01	9.997704e-01	
2  1.29727	5.510050e-01	8.012369e-02	9.720792e-01	2.732607e+00	5.788754e-01	9.992135e-01	
2  0.970349	7.431251e-01	8.403087e-02	9.673996e-01	2.692989e+00	5.971607e-01	9.966098e-01	
2  1.42164	5.682289e-01	8.039288e-02	9.659686e-01	2.778773e+00	5.793532e-01	9.891150e-01	
3  0.682856	6.015509e-01	8.263762e-02	9.572133e-01	2.770544e+00	5.880459e-01	9.784034e-01	
1  0.581264	6.015509e-01	8.263762e-02	9.572133e-01	2.770544e+00	5.880459e-01	9.793796e-01	
3  0.580767	5.198477e-01	8.119807e-02	9.555986e-01	2.782559e+00	5.827621e-01	9.804249e-01	
2  0.579401	7.434265e-01	8.508344e-02	9.560904e-01	2.730283e+00	6.005524e-01	9.829995e-01	
1  0.483598	7.434265e-01	8.508344e-02	9.560904e-01	2.730283e+00	6.005524e-01	9.840060e-01	
1  0.226	8.189029e-01	8.773590e-02	9.498617e-01	2.690856e+00	6.113202e-01	9.811495e-01	
1  0.226945	9.870192e-01	9.093706e-02	9.454297e-01	2.683211e+00	6.241961e-01	9.746918e-01	
1  0.23268	1.270155e+00	9.689218e-02	9.308184e-01	2.635532e+00	6.448172e-01	9.709574e-01	
1  0.247789	1.561192e+00	1.020343e-01	9.298446e-01	2.560725e+00	6.654469e-01	9.766450e-01	
1  0.235477	1.535903e+00	1.015498e-01	9.305303e-01	2.610454e+00	6.608219e-01	9.662270e-01	
1  0.134681	1.535903e+00	1.015498e-01	9.305303e-01	2.610454e+00	6.608219e-01	9.684536e-01	
1  0.134876	1.905402e+00	1.076185e-01	9.310281e-01	2.534176e+00	6.870857e-01	9.737500e-01	
2  0.250659	1.767618e+00	1.033180e-01	9.344011e-01	2.666696e+00	6.655126e-01	9.628001e-01	
1  0.153162	1.723525e+00	1.044956e-01	9.307499e-01	2.624710e+00	6.714265e-01	9.596320e-01	
1  0.147198	1.892958e+00	1.097640e-01	9.203317e-01	2.553441e+00	6.883771e-01	9.549495e-01	
1  0.103351	1.892958e+00	1.097640e-01	9.203317e-01	2.553441e+00	6.883771e-01	9.575416e-01	
1  0.0842256	1.746558e+00	1.070701e-01	9.280343e-01	2.549765e+00	6.752656e-01	9.645112e-01	
1  0.0729997	1.685501e+00	1.056088e-01	9.278864e-01	2.576446e+00	6.602087e-01	9.666603e-01	
1  0.115829	1.820675e+00	1.091121e-01	9.162656e-01	2.583718e+00	6.665257e-01	9.550135e-01	
1  0.19876	1.667872e+00	1.082628e-01	9.026724e-01	2.628342e+00	6.555244e-01	9.415965e-01	
1  0.30135	1.793771e+00	1.120108e-01	8.893296e-01	2.593369e+00	6.699204e-01	9.359293e-01	
1  0.302295	1.793771e+00	1.120108e-01	8.893296e-01	2.593369e+00	6.699204e-01	9.358988e-01	
1  0.126993	1.460152e+00	1.028479e-01	9.184261e-01	2.645903e+00	6.425698e-01	9.540730e-01	
1  0.189383	1.389650e+00	1.032347e-01	9.267080e-01	2.540215e+00	6.529325e-01	9.650058e-01	
1  0.130629	1.498042e+00	1.049543e-01	9.273430e-01	2.488703e+00	6.678987e-01	9.719851e-01	
1  0.12666	1.514151e+00	1.053871e-01	9.283338e-01	2.475805e+00	6.686815e-01	9.732287e-01	
1  0.165563	1.434567e+00	1.036161e-01	9.259712e-01	2.543320e+00	6.590381e-01	9.644670e-01	
1  0.13341	1.434567e+00	1.036161e-01	9.259712e-01	2.543320e+00	6.590381e-01	9.635516e-01	
1  0.141188	1.872444e+00	1.115468e-01	9.114821e-01	2.547004e+00	6.842501e-01	9.471303e-01	
1  0.149131	1.505929e+00	1.050966e-01	9.188419e-01	2.602559e+00	6.580420e-01	9.477398e-01	
1  0.167598	1.401018e+00	1.030873e-01	9.156820e-01	2.667845e+00	6.430855e-01	9.404967e-01	
1  0.271749	1.164897e+00	1.004456e-01	9.124101e-01	2.657481e+00	6.285879e-01	9.432466e-01	
1  0.442577	1.108340e+00	1.022994e-01	8.969048e-01	2.670244e+00	6.260680e-01	9.262391e-01	
1  0.507872	1.108340e+00	1.022994e-01	8.969048e-01	2.670244e+00	6.260680e-01	9.272144e-01	
2  0.420745	1.151183e+00	1.008703e-01	9.165791e-01	2.627912e+00	6.317708e-01	9.449750e-01	
1  0.322343	1.322049e+00	1.047330e-01	9.049417e-01	2.622882e+00	6.469663e-01	9.348226e-01	
1  0.261244	1.287045e+00	1.021714e-01	9.016769e-01	2.715309e+00	6.369170e-01	9.304781e-01	
1  0.391865	1.422438e+00	1.048282e-01	8.886262e-01	2.791000e+00	6.361660e-01	9.103192e-01	
1  0.405867	1.422438e+00	1.048282e-01	8.886262e-01	2.791000e+00	6.361660e-01	9.098870e-01	
1  0.32293	1.387189e+00	1.039946e-01	8.918461e-01	2.754380e+00	6.394233e-01	9.195413e-01	
1  0.317748	1.509189e+00	1.052415e-01	8.930895e-01	2.726394e+00	6.443700e-01	9.282585e-01	
1  0.353346	1.804004e+00	1.107293e-01	8.885830e-01	2.630350e+00	6.716844e-01	9.362185e-01	
1  0.205993	1.675301e+00	1.065423e-01	9.040560e-01	2.632015e+00	6.618626e-01	9.511234e-01	
1  0.279085	2.054961e+00	1.124911e-01	9.011420e-01	2.570217e+00	6.899301e-01	9.551642e-01	
2  0.252245	2.054961e+00	1.124911e-01	9.011420e-01	2.570217e+00	6.899301e-01	9.557308e-01	
1  0.204601	2.001083e+00	1.103449e-01	9.083258e-01	2.606478e+00	6.853226e-01	9.558052e-01	
1  0.413002	2.275943e+00	1.182417e-01	8.898185e-01	2.545329e+00	7.111174e-01	9.401964e-01	
1  0.327074	2.237444e+00	1.156111e-01	8.969567e-01	2.589453e+00	7.030407e-01	9.444317e-01	
1  0.282706	2.396765e+00	1.170347e-01	9.025057e-01	2.572689e+00	7.107414e-01	9.507698e-01	
1  0.313947	2.396765e+00	1.170347e-01	9.025057e-01	2.572689e+00	7.107414e-01	9.502170e-01	
1  0.307785	2.293031e+00	1.156748e-01	9.019613e-01	2.579245e+00	7.076258e-01	9.488207e-01	
1  0.774737	2.341030e+00	1.185479e-01	8.775817e-01	2.620914e+00	7.077978e-01	9.297797e-01	
1  0.549671	2.216433e+00	1.102968e-01	9.051712e-01	2.717272e+00	6.778650e-01	9.530745e-01	
1  0.667524	2.364424e+00	1.124979e-01	8.991279e-01	2.718794e+00	6.841290e-01	9.519374e-01	
1  0.677931	2.160675e+00	1.073343e-01	9.127397e-01	2.728241e+00	6.667529e-01	9.670558e-01	
1  0.473867	2.160675e+00	1.073343e-01	9.127397e-01	2.728241e+00	6.667529e-01	9.692243e-01	
1  0.50049	2.026831e+00	1.059387e-01	9.094489e-01	2.742582e+00	6.618671e-01	9.643876e-01	
1  0.659606	2.363100e+00	1.147983e-01	8.828024e-01	2.703826e+00	6.915669e-01	9.437681e-01	
1  0.503552	2.028073e+00	1.069058e-01	9.037271e-01	2.744583e+00	6.628039e-01	9.584604e-01	
1  0.713102	2.113814e+00	1.114793e-01	8.806258e-01	2.749009e+00	6.717275e-01	9.373686e-01	
1  0.54825	1.830701e+00	1.045676e-01	8.993393e-01	2.772371e+00	6.513881e-01	9.528123e-01	
2  0.502324	1.830701e+00	1.045676e-01	8.993393e-01	2.772371e+00	6.513881e-01	9.533848e-01	
1  0.711079	2.255176e+00	1.119857e-01	8.865279e-01	2.791933e+00	6.801380e-01	9.337230e-01	
1  0.564801	2.517530e+00	1.168667e-01	8.854840e-01	2.704031e+00	7.001761e-01	9.418379e-01	
1  0.562973	2.523786e+00	1.173830e-01	8.843363e-01	2.687857e+00	7.005899e-01	9.430405e-01	
1  0.411919	2.295605e+00	1.123090e-01	8.973077e-01	2.703909e+00	6.826198e-01	9.537096e-01	
1  0.304838	2.295605e+00	1.123090e-01	8.973077e-01	2.703909e+00	6.826198e-01	9.555756e-01	
1  0.180812	2.045291e+00	1.084595e-01	9.073627e-01	2.654411e+00	6.737824e-01	9.697299e-01	
1  0.165037	2.155499e+00	1.097878e-01	9.092008e-01	2.618045e+00	6.839182e-01	9.770103e-01	
1  0.230143	2.222647e+00	1.123845e-01	8.973797e-01	2.604270e+00	6.964654e-01	9.683841e-01	
1  0.228539	2.245639e+00	1.091410e-01	9.114304e-01	2.688043e+00	6.843876e-01	9.725351e-01	
1  0.58726	1.903357e+00	1.003881e-01	9.295877e-01	2.800541e+00	6.509250e-01	9.768967e-01	
2  0.597281	1.903357e+00	1.003881e-01	9.295877e-01	2.800541e+00	6.509250e-01	9.767973e-01	
1  0.501168	2.000146e+00	1.018422e-01	9.300381e-01	2.784214e+00	6.592819e-01	9.777032e-01	
1  0.707402	1.634540e+00	9.649097e-02	9.313577e-01	2.809256e+00	6.341478e-01	9.796291e-01	
2  0.508046	1.542502e+00	9.644732e-02	9.263305e-01	2.804403e+00	6.299418e-01	9.744741e-01	
1  0.449539	1.542502e+00	9.644732e-02	9.263305e-01	2.804403e+00	6.299418e-01	9.751426e-01	
1  0.261894	1.638423e+00	1.009940e-01	9.079318e-01	2.774685e+00	6.461999e-01	9.602571e-01	
2  0.23604	1.493341e+00	9.905640e-02	9.054519e-01	2.760268e+00	6.471869e-01	9.633930e-01	
1  0.242345	1.652985e+00	1.029890e-01	8.971397e-01	2.728341e+00	6.626293e-01	9.572767e-01	
1  0.235786	1.666175e+00	1.031648e-01	8.970784e-01	2.714283e+00	6.688003e-01	9.590549e-01	
1  0.220401	1.666175e+00	1.031648e-01	8.970784e-01	2.714283e+00	6.688003e-01	9.597956e-01	
1  0.222324	1.524265e+00	9.974623e-02	9.032416e-01	2.759713e+00	6.517333e-01	9.617624e-01	
1  0.334692	1.169266e+00	9.078239e-02	9.274780e-01	2.776804e+00	6.220077e-01	9.873854e-01	
2  0.155508	1.306611e+00	9.446537e-02	9.220433e-01	2.720531e+00	6.377065e-01	9.859628e-01	
1  0.106805	1.563186e+00	9.862771e-02	9.252296e-01	2.646272e+00	6.598769e-01	9.933310e-01	
1  0.143377	1.563186e+00	9.862771e-02	9.252296e-01	2.646272e+00	6.598769e-01	9.922310e-01	
1  0.11621	1.512660e+00	9.962320e-02	9.154845e-01	2.610986e+00	6.624306e-01	9.908675e-01	
1  0.230328	1.802651e+00	1.061203e-01	8.941015e-01	2.644776e+00	6.869982e-01	9.642724e-01	
2  0.283994	1.492125e+00	1.017299e-01	8.879167e-01	2.730982e+00	6.660191e-01	9.505354e-01	
1  0.221342	1.485061e+00	1.023285e-01	8.943629e-01	2.646869e+00	6.755969e-01	9.618223e-01	
2  0.217716	1.485061e+00	1.023285e-01	8.943629e-01	2.646869e+00	6.755969e-01	9.613671e-01	
1  0.229299	1.369366e+00	1.007119e-01	8.952151e-01	2.631986e+00	6.734145e-01	9.652853e-01	
1  0.261801	1.624559e+00	1.057461e-01	8.836503e-01	2.605751e+00	6.882174e-01	9.607775e-01	
1  0.233219	1.741754e+00	1.074626e-01	8.874005e-01	2.571846e+00	6.985143e-01	9.647349e-01	
1  0.29227	1.841860e+00	1.109643e-01	8.786950e-01	2.519007e+00	7.144386e-01	9.608379e-01	
1  0.274496	1.841860e+00	1.109643e-01	8.786950e-01	2.519007e+00	7.144386e-01	9.616247e-01	
1  0.333285	1.869083e+00	1.133648e-01	8.713212e-01	2.486234e+00	7.228196e-01	9.550150e-01	
1  0.221669	1.566269e+00	1.055469e-01	8.894438e-01	2.541728e+00	6.919948e-01	9.702356e-01	
1  0.253934	1.627098e+00	1.063591e-01	8.824779e-01	2.567686e+00	6.916000e-01	9.663024e-01	
1  0.240066	1.753288e+00	1.077123e-01	8.850332e-01	2.567768e+00	6.993487e-01	9.663868e-01	
1  0.348742	1.460270e+00	1.028958e-01	8.750742e-01	2.689270e+00	6.702360e-01	9.522332e-01	
2  0.348703	1.460270e+00	1.028958e-01	8.750742e-01	2.689270e+00	6.702360e-01	9.523563e-01	
1  0.316156	1.527137e+00	1.030097e-01	8.806225e-01	2.706036e+00	6.709134e-01	9.523304e-01	
1  0.348919	1.648459e+00	1.060230e-01	8.739625e-01	2.656962e+00	6.900366e-01	9.516149e-01	
1  0.429119	1.552663e+00	1.046247e-01	8.683212e-01	2.730387e+00	6.741314e-01	9.398820e-01	
1  0.393418	1.424341e+00	1.035421e-01	8.721350e-01	2.691165e+00	6.735396e-01	9.434032e-01	
1  0.408281	1.424341e+00	1.035421e-01	8.721350e-01	2.691165e+00	6.735396e-01	9.441359e-01	
1  0.501164	1.443316e+00	1.051310e-01	8.608524e-01	2.714336e+00	6.749715e-01	9.317336e-01	
1  0.429289	1.690115e+00	1.083495e-01	8.652400e-01	2.685196e+00	6.936553e-01	9.342560e-01	
1  0.584848	1.619415e+00	1.080140e-01	8.531486e-01	2.746656e+00	6.848002e-01	9.202411e-01	
1  0.580528	1.690837e+00	1.088014e-01	8.551215e-01	2.745599e+00	6.870484e-01	9.208993e-01	
1  0.619972	1.467174e+00	1.069008e-01	8.498439e-01	2.755802e+00	6.787080e-01	9.131499e-01	
2  0.644653	1.467174e+00	1.069008e-01	8.498439e-01	2.755802e+00	6.787080e-01	9.150365e-01	
1  0.816106	1.431088e+00	1.080533e-01	8.355205e-01	2.802809e+00	6.743051e-01	8.967989e-01	
1  0.933975	1.505853e+00	1.090704e-01	8.289149e-01	2.835569e+00	6.764742e-01	8.902273e-01	
1  1.2311	1.695169e+00	1.126685e-01	8.197941e-01	2.828376e+00	6.887877e-01	8.845430e-01	
1  1.14847	1.480180e+00	1.095527e-01	8.187768e-01	2.867119e+00	6.762600e-01	8.792696e-01	
1  1.13178	1.480180e+00	1.095527e-01	8.187768e-01	2.867119e+00	6.762600e-01	8.796485e-01	
1  1.03874	1.535419e+00	1.091131e-01	8.275240e-01	2.880735e+00	6.736032e-01	8.832629e-01	
1  0.847646	1.413868e+00	1.073321e-01	8.344982e-01	2.837803e+00	6.678525e-01	8.940661e-01	
1  0.773227	1.497198e+00	1.081692e-01	8.382228e-01	2.800135e+00	6.699830e-01	9.043084e-01	
2  0.950329	9.916011e-01	9.797587e-02	8.549808e-01	2.879789e+00	6.310516e-01	9.126027e-01	
1  0.877254	9.916011e-01	9.797587e-02	8.549808e-01	2.879789e+00	6.310516e-01	9.116556e-01	
1  0.74028	1.643219e+00	1.096451e-01	8.416594e-01	2.777286e+00	6.767852e-01	9.103874e-01	
1  0.629036	1.821689e+00	1.120749e-01	8.492961e-01	2.721669e+00	6.944169e-01	9.175812e-01	
1  0.583984	2.020428e+00	1.160615e-01	8.512652e-01	2.606085e+00	7.189551e-01	9.303123e-01	
2  0.5754	2.072848e+00	1.181798e-01	8.526883e-01	2.507289e+00	7.287371e-01	9.418795e-01	
2  0.567087	2.072848e+00	1.181798e-01	8.526883e-01	2.507289e+00	7.287371e-01	9.420438e-01	
1  0.710768	2.026467e+00	1.188578e-01	8.439551e-01	2.497445e+00	7.298897e-01	9.371206e-01	
1  1.68733	2.274579e+00	1.257403e-01	8.251668e-01	2.474755e+00	7.467955e-01	9.191783e-01	
1  2.16231	2.491578e+00	1.293305e-01	8.325623e-01	2.363580e+00	7.598115e-01	9.373954e-01	
1  2.11532	2.769875e+00	1.312258e-01	8.501509e-01	2.285776e+00	7.770579e-01	9.614305e-01	
2  1.90557	2.769875e+00	1.312258e-01	8.501509e-01	2.285776e+00	7.770579e-01	9.626255e-01	
1  1.83716	2.778762e+00	1.307249e-01	8.545289e-01	2.267431e+00	7.806286e-01	9.693802e-01	
1  3.97821	3.227178e+00	1.391478e-01	8.511214e-01	2.171711e+00	8.152518e-01	9.693333e-01	
1  4.33393	3.142518e+00	1.383630e-01	8.486582e-01	2.156376e+00	8.062573e-01	9.736006e-01	
1  2.99811	3.053882e+00	1.347283e-01	8.721187e-01	2.115687e+00	8.047321e-01	9.943976e-01	
1  2.93009	3.053882e+00	1.347283e-01	8.721187e-01	2.115687e+00	8.047321e-01	9.947079e-01	
1  2.01145	2.991522e+00	1.331419e-01	8.749293e-01	2.158888e+00	7.975691e-01	9.902036e-01	
1  1.94101	3.189825e+00	1.351970e-01	8.671291e-01	2.213662e+00	8.046501e-01	9.821811e-01	
2  1.84255	3.140576e+00	1.347997e-01	8.591844e-01	2.264940e+00	7.967418e-01	9.718533e-01	
1  2.96551	3.184567e+00	1.373661e-01	8.416860e-01	2.278514e+00	8.020579e-01	9.580678e-01	
1  3.02136	3.184567e+00	1.373661e-01	8.416860e-01	2.278514e+00	8.020579e-01	9.578136e-01	
2  1.42936	2.867935e+00	1.306037e-01	8.582975e-01	2.304516e+00	7.841323e-01	9.679697e-01	
1  0.736394	2.730425e+00	1.266610e-01	8.720212e-01	2.321898e+00	7.737421e-01	9.769485e-01	
1  0.626209	2.805962e+00	1.265243e-01	8.756726e-01	2.334891e+00	7.734904e-01	9.814181e-01	
1  0.198514	2.521358e+00	1.193129e-01	8.883532e-01	2.452519e+00	7.383411e-01	9.814414e-01	
1  0.213686	2.521358e+00	1.193129e-01	8.883532e-01	2.452519e+00	7.383411e-01	9.808663e-01	
1  0.116688	2.164050e+00	1.136321e-01	9.012706e-01	2.425025e+00	7.182782e-01	9.942371e-01	
1  0.120247	2.458722e+00	1.179742e-01	8.999326e-01	2.420927e+00	7.375433e-01	9.888113e-01	
1  0.0686689	2.316268e+00	1.134041e-01	9.134486e-01	2.452362e+00	7.186020e-01	1.000920e+00	
1  0.0442397	2.260453e+00	1.106166e-01	9.244634e-01	2.491006e+00	7.090456e-01	1.005173e+00	
1  0.0122933	2.183020e+00	1.081574e-01	9.395424e-01	2.419804e+00	7.149737e-01	1.026567e+00	
1  0.0106227	2.183020e+00	1.081574e-01	9.395424e-01	2.419804e+00	7.149737e-01	1.026815e+00	
1  0.0156175	2.185540e+00	1.089302e-01	9.366982e-01	2.397526e+00	7.143574e-01	1.028135e+00	
1  0.0276702	2.227795e+00	1.096309e-01	9.294430e-01	2.430020e+00	7.182892e-01	1.020234e+00	
1  0.0236988	2.009464e+00	1.056132e-01	9.353461e-01	2.455075e+00	6.991958e-01	1.024480e+00	
2  0.0325134	1.972637e+00	1.036069e-01	9.461475e-01	2.446682e+00	7.009562e-01	1.033524e+00	
1  0.0126795	1.972637e+00	1.036069e-01	9.461475e-01	2.446682e+00	7.009562e-01	1.034672e+00	
1  0.0444522	2.326190e+00	1.100910e-01	9.325493e-01	2.489825e+00	7.201431e-01	1.011650e+00	
1  0.0847625	2.342396e+00	1.130680e-01	9.187509e-01	2.468367e+00	7.287442e-01	9.987562e-01	
1  0.078787	2.242998e+00	1.123073e-01	9.198586e-01	2.435804e+00	7.266331e-01	1.002521e+00	
1  0.0956303	2.523152e+00	1.188167e-01	9.036918e-01	2.413769e+00	7.550123e-01	9.861541e-01	
1  0.0922946	2.807636e+00	1.235328e-01	9.021170e-01	2.367119e+00	7.698053e-01	9.891033e-01	
1  0.0859395	2.807636e+00	1.235328e-01	9.021170e-01	2.367119e+00	7.698053e-01	9.898169e-01	
1  0.169973	2.620821e+00	1.165701e-01	9.266703e-01	2.457704e+00	7.429268e-01	9.988531e-01	
1  0.151623	2.714150e+00	1.194434e-01	9.191663e-01	2.436454e+00	7.516233e-01	9.926741e-01	
1  0.115876	2.903446e+00	1.232008e-01	9.062654e-01	2.443734e+00	7.622890e-01	9.838259e-01	
1  0.226781	3.123025e+00	1.291208e-01	8.830063e-01	2.415283e+00	7.862056e-01	9.705660e-01	
1  0.185692	3.109556e+00	1.285395e-01	8.867387e-01	2.407611e+00	7.840997e-01	9.748251e-01	
1  0.228172	3.109556e+00	1.285395e-01	8.867387e-01	2.407611e+00	7.840997e-01	9.735803e-01	
1  0.199277	2.956199e+00	1.255054e-01	8.870379e-01	2.450650e+00	7.689938e-01	9.733583e-01	
1  0.479542	3.144385e+00	1.295415e-01	8.675770e-01	2.505788e+00	7.772188e-01	9.530479e-01	
1  2.07555	3.661342e+00	1.415193e-01	8.409747e-01	2.430094e+00	8.233053e-01	9.328296e-01	
1  2.25545	3.458037e+00	1.393100e-01	8.351716e-01	2.457635e+00	8.099305e-01	9.267183e-01	
1  1.08828	3.159709e+00	1.326560e-01	8.483870e-01	2.518143e+00	7.788457e-01	9.342854e-01	
1  1.00031	3.159709e+00	1.326560e-01	8.483870e-01	2.518143e+00	7.788457e-01	9.350617e-01	
1  1.55825	3.482512e+00	1.383102e-01	8.447483e-01	2.427906e+00	8.066058e-01	9.428436e-01	
1  0.850412	3.046499e+00	1.308525e-01	8.620327e-01	2.374530e+00	7.813531e-01	9.677152e-01	
1  0.719909	2.804943e+00	1.276315e-01	8.606732e-01	2.404014e+00	7.685614e-01	9.629798e-01	
1  0.298353	2.619430e+00	1.211715e-01	8.761750e-01	2.481314e+00	7.451363e-01	9.735265e-01	
1  0.277445	2.432659e+00	1.184869e-01	8.762215e-01	2.508009e+00	7.336047e-01	9.704527e-01	
1  0.269094	2.432659e+00	1.184869e-01	8.762215e-01	2.508009e+00	7.336047e-01	9.708834e-01	
1  0.387366	2.582875e+00	1.229958e-01	8.731683e-01	2.389693e+00	7.543464e-01	9.781906e-01	
1  0.367739	2.598081e+00	1.234398e-01	8.774571e-01	2.357457e+00	7.536878e-01	9.835730e-01	
1  0.186961	2.463280e+00	1.200316e-01	8.980450e-01	2.293963e+00	7.479805e-01	1.005844e+00	
1  0.0788814	2.227601e+00	1.141948e-01	9.095506e-01	2.356574e+00	7.245287e-01	1.011633e+00	
1  0.0760156	2.279767e+00	1.145808e-01	9.103269e-01	2.362077e+00	7.259934e-01	1.012153e+00	
1  0.078392	2.279767e+00	1.145808e-01	9.103269e-01	2.362077e+00	7.259934e-01	1.011517e+00	
2  0.201911	2.410252e+00	1.192288e-01	8.929542e-01	2.337257e+00	7.405217e-01	9.984378e-01	
1  0.496875	2.680844e+00	1.247722e-01	8.774668e-01	2.331054e+00	7.582663e-01	9.870857e-01	
1  0.260177	2.489463e+00	1.200997e-01	8.947398e-01	2.307862e+00	7.441228e-01	1.006067e+00	
1  0.0817308	2.289352e+00	1.154663e-01	9.118528e-01	2.320710e+00	7.286064e-01	1.015270e+00	
1  0.0899134	2.289352e+00	1.154663e-01	9.118528e-01	2.320710e+00	7.286064e-01	1.014753e+00	
1  0.0449463	2.135567e+00	1.112902e-01	9.211556e-01	2.372222e+00	7.147003e-01	1.017544e+00	
1  0.125996	2.317254e+00	1.165489e-01	9.090369e-01	2.298640e+00	7.335226e-01	1.014716e+00	
1  0.017405	2.094072e+00	1.086526e-01	9.426130e-01	2.313226e+00	7.140103e-01	1.040942e+00	
1  0.0205964	1.914830e+00	1.062053e-01	9.350054e-01	2.382019e+00	6.967815e-01	1.030352e+00	
1  0.0177688	1.805994e+00	1.060069e-01	9.341647e-01	2.315350e+00	7.053247e-01	1.035031e+00	
1  0.0171788	1.805994e+00	1.060069e-01	9.341647e-01	2.315350e+00	7.053247e-01	1.035411e+00	
1  0.0738599	1.720423e+00	1.069118e-01	9.185838e-01	2.340109e+00	7.077258e-01	1.017790e+00	
1  0.139914	2.298665e+00	1.159840e-01	9.105425e-01	2.275008e+00	7.474643e-01	1.018546e+00	
2  0.123921	2.315411e+00	1.136250e-01	9.292307e-01	2.247552e+00	7.511167e-01	1.037507e+00	
1  0.167061	2.043847e+00	1.084735e-01	9.488139e-01	2.201058e+00	7.352537e-01	1.057391e+00	
1  0.317611	2.043847e+00	1.084735e-01	9.488139e-01	2.201058e+00	7.352537e-01	1.054965e+00	
3  0.0919139	1.662120e+00	1.020569e-01	9.566803e-01	2.261483e+00	7.087589e-01	1.052478e+00	
1  0.122198	1.716656e+00	1.010391e-01	9.596538e-01	2.314516e+00	7.080100e-01	1.051432e+00	
1  0.110128	1.525084e+00	9.727427e-02	9.650618e-01	2.359752e+00	6.875124e-01	1.052102e+00	
1  0.0524351	1.525084e+00	9.727427e-02	9.650618e-01	2.359752e+00	6.875124e-01	1.053746e+00	
1  0.0312222	1.247567e+00	9.360000e-02	9.711711e-01	2.341234e+00	6.743011e-01	1.058548e+00	
1  0.557473	1.066207e+00	8.726642e-02	9.927387e-01	2.373078e+00	6.527969e-01	1.077648e+00	
3  0.813291	1.343899e+00	9.268981e-02	9.921173e-01	2.236923e+00	6.839805e-01	1.092068e+00	
1  0.829488	1.343899e+00	9.268981e-02	9.921173e-01	2.236923e+00	6.839805e-01	1.091918e+00	
# After 752 accepted steps: update proposal with max(R-1) = 1.889601 and jumping factor = 2.500000 
2  0.757097	1.379542e+00	9.321635e-02	9.901595e-01	2.246189e+00	6.876278e-01	1.088937e+00	
3  0.44834	2.124021e+00	9.995692e-02	9.752919e-01	2.458396e+00	6.960621e-01	1.066409e+00	
1  0.0167407	2.124021e+00	9.995692e-02	9.752919e-01	2.458396e+00	6.960621e-01	1.076405e+00	
11  0.0766435	1.596638e+00	9.521068e-02	9.486110e-01	2.489269e+00	6.583660e-01	1.066717e+00	
7  0.0794007	1.596638e+00	9.521068e-02	9.486110e-01	2.489269e+00	6.583660e-01	1.066605e+00	
3  0.225672	2.216947e+00	1.110903e-01	9.357665e-01	2.117847e+00	7.495847e-01	1.089099e+00	
6  0.447463	1.973309e+00	1.100472e-01	9.229920e-01	2.089280e+00	7.322314e-01	1.086941e+00	
1  0.449681	2.658783e+00	1.175356e-01	8.886579e-01	2.434407e+00	7.681672e-01	1.019348e+00	
1  0.121503	3.554790e+00	1.217808e-01	9.346341e-01	2.160681e+00	8.550782e-01	1.114102e+00	
6  0.773816	3.554790e+00	1.217808e-01	9.346341e-01	2.160681e+00	8.550782e-01	1.104494e+00	
4  0.261199	3.554790e+00	1.217808e-01	9.346341e-01	2.160681e+00	8.550782e-01	1.110904e+00	
1  0.314124	2.544974e+00	1.165241e-01	9.156497e-01	2.346080e+00	7.651000e-01	1.025594e+00	
1  2.66537	3.833587e+00	1.071801e-01	9.119569e-01	2.827018e+00	8.486208e-01	1.090827e+00	
3  0.570984	3.833587e+00	1.071801e-01	9.119569e-01	2.827018e+00	8.486208e-01	1.105813e+00	
3  1.18684	3.250366e+00	1.078809e-01	8.416697e-01	2.926715e+00	8.300078e-01	1.042571e+00	
6  1.4285	3.250366e+00	1.078809e-01	8.416697e-01	2.926715e+00	8.300078e-01	1.040314e+00	
4  0.963228	3.250366e+00	1.078809e-01	8.416697e-01	2.926715e+00	8.300078e-01	1.045150e+00	
8  0.649371	3.156952e+00	1.068596e-01	8.748216e-01	2.679307e+00	8.451018e-01	1.090325e+00	
1  0.50245	3.156952e+00	1.068596e-01	8.748216e-01	2.679307e+00	8.451018e-01	1.092694e+00	
5  0.0150347	3.802197e+00	1.056618e-01	9.468005e-01	2.840362e+00	8.272108e-01	1.108816e+00	
4  0.025212	3.802197e+00	1.056618e-01	9.468005e-01	2.840362e+00	8.272108e-01	1.105648e+00	
2  1.15043	3.805800e+00	1.076091e-01	9.750799e-01	2.856638e+00	7.854858e-01	1.087842e+00	
1  1.36243	3.805800e+00	1.076091e-01	9.750799e-01	2.856638e+00	7.854858e-01	1.089316e+00	
2  2.50985	1.917848e+00	9.404423e-02	1.062582e+00	2.637022e+00	6.319722e-01	1.054888e+00	
2  2.81694	2.175033e+00	8.478583e-02	1.109813e+00	2.814618e+00	6.104009e-01	1.095461e+00	
1  2.93042	3.896453e+00	9.757906e-02	1.126090e+00	2.784518e+00	7.577790e-01	1.147458e+00	
1  2.2483	3.896453e+00	9.757906e-02	1.126090e+00	2.784518e+00	7.577790e-01	1.142858e+00	
3  0.143143	1.325891e+00	1.170821e-01	9.921373e-01	1.758754e+00	6.708897e-01	1.051485e+00	
2  0.70089	1.863012e+00	1.243007e-01	8.346412e-01	2.100213e+00	7.466867e-01	1.003189e+00	
6  0.951086	1.863012e+00	1.243007e-01	8.346412e-01	2.100213e+00	7.466867e-01	9.949357e-01	
1  0.69774	1.863012e+00	1.243007e-01	8.346412e-01	2.100213e+00	7.466867e-01	1.001743e+00	
2  0.858036	2.592836e+00	1.201229e-01	8.842757e-01	2.291835e+00	7.712344e-01	1.038679e+00	
1  1.03512	3.213292e+00	1.108736e-01	9.217172e-01	2.829201e+00	7.591714e-01	1.027995e+00	
2  0.0614587	3.223573e+00	1.023723e-01	9.579907e-01	2.928373e+00	7.441655e-01	1.058887e+00	
4  0.489129	3.223573e+00	1.023723e-01	9.579907e-01	2.928373e+00	7.441655e-01	1.051549e+00	
5  0.413665	3.908296e+00	1.106116e-01	9.034178e-01	3.097092e+00	7.874473e-01	1.027580e+00	
2  2.46598	2.921367e+00	1.023645e-01	8.833902e-01	3.135493e+00	7.405350e-01	9.939414e-01	
3  0.615095	3.223387e+00	1.211771e-01	8.443978e-01	3.000328e+00	7.415367e-01	9.322028e-01	
4  0.480154	2.519422e+00	1.153020e-01	8.788481e-01	2.955717e+00	6.820053e-01	9.160323e-01	
1  0.736962	2.519422e+00	1.153020e-01	8.788481e-01	2.955717e+00	6.820053e-01	9.199031e-01	
1  0.825593	3.513585e+00	1.257462e-01	8.333663e-01	3.036433e+00	7.691514e-01	9.205138e-01	
4  0.569915	3.009906e+00	1.120094e-01	8.494347e-01	3.049238e+00	7.593220e-01	9.638309e-01	
3  0.565827	3.009906e+00	1.120094e-01	8.494347e-01	3.049238e+00	7.593220e-01	9.663668e-01	
3  2.66694	1.991476e+00	9.771369e-02	8.092776e-01	3.262749e+00	7.213356e-01	9.351959e-01	
5  1.85857	1.991476e+00	9.771369e-02	8.092776e-01	3.262749e+00	7.213356e-01	9.408220e-01	
1  1.0803	2.095156e+00	1.037109e-01	8.400569e-01	3.076753e+00	7.420900e-01	9.384076e-01	
1  1.00873	2.095156e+00	1.037109e-01	8.400569e-01	3.076753e+00	7.420900e-01	9.374489e-01	
3  0.672853	3.224753e+00	1.117659e-01	8.708400e-01	3.023202e+00	7.785368e-01	9.901170e-01	
2  0.757522	3.630196e+00	1.116319e-01	9.014346e-01	3.116255e+00	8.129480e-01	9.917726e-01	
9  0.483767	3.630196e+00	1.116319e-01	9.014346e-01	3.116255e+00	8.129480e-01	9.880594e-01	
2  0.443588	2.469930e+00	1.009689e-01	8.792296e-01	2.851146e+00	7.861036e-01	1.026367e+00	
1  2.17479	2.012939e+00	1.033215e-01	9.156526e-01	2.752055e+00	7.285452e-01	9.873039e-01	
1  3.70314	2.012939e+00	1.033215e-01	9.156526e-01	2.752055e+00	7.285452e-01	9.936883e-01	
