1  0.00895166	2.120138e+00	1.116464e-01	9.632644e-01	2.359264e+00	6.714781e-01	1.006080e+00	
1  0.0286987	2.070185e+00	1.122331e-01	9.481383e-01	2.399217e+00	6.692452e-01	9.918588e-01	
1  0.039402	2.064990e+00	1.123373e-01	9.420983e-01	2.427808e+00	6.711642e-01	9.846096e-01	
1  0.0874717	2.344910e+00	1.177299e-01	9.372000e-01	2.361163e+00	6.956977e-01	9.852884e-01	
1  0.0273088	2.246939e+00	1.150465e-01	9.479402e-01	2.380845e+00	6.815750e-01	9.906848e-01	
1  0.0216278	2.246939e+00	1.150465e-01	9.479402e-01	2.380845e+00	6.815750e-01	9.910504e-01	
1  0.0337247	2.151828e+00	1.129478e-01	9.533607e-01	2.349815e+00	6.773385e-01	1.003879e+00	
1  0.10875	2.152415e+00	1.162403e-01	9.361646e-01	2.329896e+00	6.807399e-01	9.893011e-01	
1  0.109508	2.154767e+00	1.163001e-01	9.348012e-01	2.341537e+00	6.794382e-01	9.869843e-01	
1  0.174904	1.954558e+00	1.155854e-01	9.182193e-01	2.384048e+00	6.683347e-01	9.691775e-01	
1  0.127706	1.990926e+00	1.144501e-01	9.258303e-01	2.399945e+00	6.651664e-01	9.757935e-01	
1  0.126648	1.990926e+00	1.144501e-01	9.258303e-01	2.399945e+00	6.651664e-01	9.758297e-01	
1  0.0657873	1.856192e+00	1.101498e-01	9.377108e-01	2.444610e+00	6.482620e-01	9.833319e-01	
1  0.0464875	1.764342e+00	1.081719e-01	9.458678e-01	2.419467e+00	6.425040e-01	9.937847e-01	
1  0.0341332	1.538162e+00	1.033439e-01	9.548518e-01	2.451148e+00	6.233241e-01	1.000511e+00	
1  0.013383	1.616369e+00	1.035705e-01	9.663384e-01	2.444855e+00	6.262219e-01	1.004190e+00	
1  0.0207942	1.775449e+00	1.076372e-01	9.518612e-01	2.440171e+00	6.434352e-01	9.915065e-01	
1  0.0225221	1.775449e+00	1.076372e-01	9.518612e-01	2.440171e+00	6.434352e-01	9.920704e-01	
1  0.0211596	1.911018e+00	1.085318e-01	9.543785e-01	2.454557e+00	6.455184e-01	9.945536e-01	
1  0.0104604	1.897624e+00	1.069593e-01	9.649502e-01	2.439521e+00	6.448935e-01	1.005334e+00	
1  0.0137229	1.947989e+00	1.047974e-01	9.736572e-01	2.544176e+00	6.371596e-01	9.995289e-01	
1  0.00320899	2.114637e+00	1.089644e-01	9.652531e-01	2.495056e+00	6.525304e-01	9.968143e-01	
1  0.0144895	2.141455e+00	1.070069e-01	9.831048e-01	2.453304e+00	6.545913e-01	1.018239e+00	
1  0.0121972	2.141455e+00	1.070069e-01	9.831048e-01	2.453304e+00	6.545913e-01	1.018511e+00	
1  0.0122812	2.335858e+00	1.107189e-01	9.792264e-01	2.414126e+00	6.644625e-01	1.019741e+00	
1  0.0129826	2.249264e+00	1.097997e-01	9.810278e-01	2.409932e+00	6.597511e-01	1.019410e+00	
1  0.00957163	2.327127e+00	1.111899e-01	9.745966e-01	2.435561e+00	6.615495e-01	1.012318e+00	
1  0.00812312	2.309523e+00	1.122150e-01	9.717482e-01	2.397575e+00	6.698453e-01	1.011009e+00	
1  0.00258772	2.107056e+00	1.081253e-01	9.733492e-01	2.489927e+00	6.487227e-01	1.002382e+00	
1  0.00200756	2.107056e+00	1.081253e-01	9.733492e-01	2.489927e+00	6.487227e-01	1.002176e+00	
1  0.00147706	2.023134e+00	1.071832e-01	9.703355e-01	2.496364e+00	6.467800e-01	1.000215e+00	
1  0.0136894	1.972026e+00	1.065573e-01	9.617909e-01	2.559222e+00	6.401638e-01	9.882235e-01	
1  0.0137213	1.950224e+00	1.051394e-01	9.685395e-01	2.587900e+00	6.355421e-01	9.883802e-01	
1  0.000226846	1.962713e+00	1.061167e-01	9.710477e-01	2.522745e+00	6.447624e-01	9.954621e-01	
1  0.00179597	2.015171e+00	1.070678e-01	9.660904e-01	2.530268e+00	6.490492e-01	9.922874e-01	
1  0.00770899	2.015171e+00	1.070678e-01	9.660904e-01	2.530268e+00	6.490492e-01	9.914239e-01	
1  0.00408415	2.256879e+00	1.107200e-01	9.643749e-01	2.533636e+00	6.638874e-01	9.851038e-01	
1  0.00368256	2.381651e+00	1.129329e-01	9.638875e-01	2.492568e+00	6.730023e-01	9.896831e-01	
1  0.0083458	2.478797e+00	1.145946e-01	9.668228e-01	2.443637e+00	6.821660e-01	9.963399e-01	
1  0.00457513	2.386693e+00	1.119121e-01	9.742292e-01	2.447527e+00	6.753525e-01	1.005094e+00	
1  0.00586928	2.456507e+00	1.150259e-01	9.660054e-01	2.404105e+00	6.890372e-01	9.990462e-01	
1  0.00425048	2.456507e+00	1.150259e-01	9.660054e-01	2.404105e+00	6.890372e-01	9.988585e-01	
1  0.00725431	2.188673e+00	1.096528e-01	9.763122e-01	2.446947e+00	6.677272e-01	1.002677e+00	
1  0.00262823	2.193568e+00	1.114904e-01	9.668904e-01	2.425645e+00	6.721976e-01	9.967427e-01	
1  0.0235123	2.305488e+00	1.116881e-01	9.844554e-01	2.333006e+00	6.884258e-01	1.019968e+00	
1  0.0255011	2.430050e+00	1.148550e-01	9.809178e-01	2.286176e+00	7.046323e-01	1.017860e+00	
1  0.0492515	2.570805e+00	1.163410e-01	9.841846e-01	2.285053e+00	7.121174e-01	1.018654e+00	
1  0.082775	2.570805e+00	1.163410e-01	9.841846e-01	2.285053e+00	7.121174e-01	1.020080e+00	
1  0.128777	2.491345e+00	1.142542e-01	9.889170e-01	2.321605e+00	7.026206e-01	1.019231e+00	
1  0.112209	2.559250e+00	1.153748e-01	9.861947e-01	2.316224e+00	7.069377e-01	1.018989e+00	
1  0.137235	2.401148e+00	1.105310e-01	1.006025e+00	2.313092e+00	6.932866e-01	1.036672e+00	
1  0.198419	2.534178e+00	1.115721e-01	1.012977e+00	2.295907e+00	6.995597e-01	1.043185e+00	
1  0.314973	2.600843e+00	1.103605e-01	1.029753e+00	2.286441e+00	7.014922e-01	1.055564e+00	
1  0.312635	2.600843e+00	1.103605e-01	1.029753e+00	2.286441e+00	7.014922e-01	1.055514e+00	
1  0.289072	2.593358e+00	1.115874e-01	1.026408e+00	2.251232e+00	7.046441e-01	1.054793e+00	
1  0.440056	2.684494e+00	1.109241e-01	1.033068e+00	2.308034e+00	7.003867e-01	1.053960e+00	
1  0.190364	2.344082e+00	1.052891e-01	1.031540e+00	2.380959e+00	6.741021e-01	1.049682e+00	
1  0.250274	2.086027e+00	9.991731e-02	1.041577e+00	2.417306e+00	6.525026e-01	1.056298e+00	
1  0.170943	2.242024e+00	1.038882e-01	1.035936e+00	2.359692e+00	6.629021e-01	1.056714e+00	
1  0.171094	2.242024e+00	1.038882e-01	1.035936e+00	2.359692e+00	6.629021e-01	1.056765e+00	
1  0.178456	2.379696e+00	1.078247e-01	1.025154e+00	2.321314e+00	6.780995e-01	1.050796e+00	
1  0.19946	2.450836e+00	1.117518e-01	1.009936e+00	2.299804e+00	6.882203e-01	1.036673e+00	
1  0.173371	2.429327e+00	1.116126e-01	1.007213e+00	2.301038e+00	6.901823e-01	1.035377e+00	
1  0.0821353	2.340291e+00	1.122778e-01	9.897903e-01	2.325152e+00	6.864864e-01	1.021683e+00	
1  0.0968604	2.326803e+00	1.126352e-01	9.882030e-01	2.326059e+00	6.870848e-01	1.017783e+00	
1  0.117597	2.326803e+00	1.126352e-01	9.882030e-01	2.326059e+00	6.870848e-01	1.018318e+00	
2  0.171263	2.532773e+00	1.148779e-01	9.956270e-01	2.289076e+00	6.979168e-01	1.027120e+00	
1  0.225092	2.458565e+00	1.137277e-01	9.964675e-01	2.320698e+00	6.913107e-01	1.021582e+00	
1  0.268702	2.600821e+00	1.163936e-01	9.971707e-01	2.277846e+00	7.049830e-01	1.023406e+00	
1  0.296103	2.725716e+00	1.183185e-01	9.975934e-01	2.256960e+00	7.130788e-01	1.025037e+00	
1  0.259592	2.725716e+00	1.183185e-01	9.975934e-01	2.256960e+00	7.130788e-01	1.024463e+00	
1  0.282499	2.716382e+00	1.184766e-01	9.945753e-01	2.280057e+00	7.096933e-01	1.018478e+00	
1  0.179886	2.627462e+00	1.181042e-01	9.916985e-01	2.260045e+00	7.063061e-01	1.018939e+00	
1  0.283384	2.781044e+00	1.198854e-01	9.921312e-01	2.276976e+00	7.113262e-01	1.015972e+00	
1  0.369679	2.640944e+00	1.155848e-01	1.002358e+00	2.327913e+00	6.962615e-01	1.021286e+00	
1  0.403836	2.762209e+00	1.178418e-01	1.000609e+00	2.305445e+00	7.040869e-01	1.021277e+00	
1  0.400825	2.762209e+00	1.178418e-01	1.000609e+00	2.305445e+00	7.040869e-01	1.021240e+00	
1  0.197111	2.848299e+00	1.213064e-01	9.902193e-01	2.239159e+00	7.210100e-01	1.019753e+00	
1  0.0333382	2.926952e+00	1.249138e-01	9.820902e-01	2.135192e+00	7.372596e-01	1.025474e+00	
1  0.116472	2.999834e+00	1.266780e-01	9.795268e-01	2.083209e+00	7.532480e-01	1.029247e+00	
1  0.049946	2.883565e+00	1.232692e-01	9.887389e-01	2.129708e+00	7.379264e-01	1.032072e+00	
1  0.0547089	2.947993e+00	1.242063e-01	9.877009e-01	2.115034e+00	7.443184e-01	1.034004e+00	
1  0.0517669	2.947993e+00	1.242063e-01	9.877009e-01	2.115034e+00	7.443184e-01	1.034502e+00	
2  0.0566628	2.819310e+00	1.220422e-01	9.911319e-01	2.122704e+00	7.356128e-01	1.036564e+00	
1  0.0871916	2.781646e+00	1.201261e-01	9.830276e-01	2.242771e+00	7.232287e-01	1.022488e+00	
1  0.210287	2.767056e+00	1.183900e-01	9.873336e-01	2.307491e+00	7.137659e-01	1.018812e+00	
1  0.109089	3.010264e+00	1.238417e-01	9.807626e-01	2.227684e+00	7.343317e-01	1.020298e+00	
1  0.158535	3.010264e+00	1.238417e-01	9.807626e-01	2.227684e+00	7.343317e-01	1.021411e+00	
1  0.304144	3.252059e+00	1.266730e-01	9.819951e-01	2.229996e+00	7.487312e-01	1.020541e+00	
1  0.38167	3.134774e+00	1.245643e-01	9.764528e-01	2.314326e+00	7.358571e-01	1.008038e+00	
1  0.357906	2.973743e+00	1.221360e-01	9.770719e-01	2.338514e+00	7.258187e-01	1.005770e+00	
1  0.393089	3.080200e+00	1.235104e-01	9.709736e-01	2.380561e+00	7.274892e-01	9.975418e-01	
1  0.627021	3.323284e+00	1.254856e-01	9.758553e-01	2.369470e+00	7.424610e-01	1.005089e+00	
1  0.638157	3.323284e+00	1.254856e-01	9.758553e-01	2.369470e+00	7.424610e-01	1.005192e+00	
1  0.85776	3.501875e+00	1.280209e-01	9.759478e-01	2.364808e+00	7.512446e-01	1.003750e+00	
1  0.852411	3.364887e+00	1.253807e-01	9.794721e-01	2.383616e+00	7.459687e-01	1.004529e+00	
1  1.17796	3.447274e+00	1.251432e-01	9.826001e-01	2.432702e+00	7.433278e-01	1.002232e+00	
1  0.939271	3.503688e+00	1.265676e-01	9.724180e-01	2.453351e+00	7.440211e-01	9.953949e-01	
1  1.15523	3.641866e+00	1.285180e-01	9.736164e-01	2.427967e+00	7.564285e-01	9.978046e-01	
1  1.3003	3.641866e+00	1.285180e-01	9.736164e-01	2.427967e+00	7.564285e-01	9.987438e-01	
1  0.83161	3.476823e+00	1.270180e-01	9.621675e-01	2.502096e+00	7.414720e-01	9.818973e-01	
1  0.930174	3.370775e+00	1.245413e-01	9.676248e-01	2.546012e+00	7.340480e-01	9.784344e-01	
1  0.557404	3.156218e+00	1.218735e-01	9.632940e-01	2.567361e+00	7.210013e-01	9.754933e-01	
1  0.506118	2.999271e+00	1.178274e-01	9.725487e-01	2.607304e+00	7.082622e-01	9.795915e-01	
1  0.500153	2.922326e+00	1.158555e-01	9.785411e-01	2.620098e+00	7.040646e-01	9.821699e-01	
1  0.544309	2.922326e+00	1.158555e-01	9.785411e-01	2.620098e+00	7.040646e-01	9.826319e-01	
1  0.598049	3.028033e+00	1.194783e-01	9.668391e-01	2.603453e+00	7.166157e-01	9.712502e-01	
1  0.455551	3.147055e+00	1.233856e-01	9.504511e-01	2.617746e+00	7.272674e-01	9.533779e-01	
1  0.485491	3.106499e+00	1.230139e-01	9.519662e-01	2.626934e+00	7.250518e-01	9.497963e-01	
1  0.619529	3.057694e+00	1.227855e-01	9.566720e-01	2.571044e+00	7.330628e-01	9.566556e-01	
1  0.869593	3.141771e+00	1.237206e-01	9.644252e-01	2.514211e+00	7.422670e-01	9.677463e-01	
1  0.924666	3.141771e+00	1.237206e-01	9.644252e-01	2.514211e+00	7.422670e-01	9.681743e-01	
1  1.18644	3.203405e+00	1.238157e-01	9.730946e-01	2.482783e+00	7.427137e-01	9.790012e-01	
1  1.65451	3.262852e+00	1.231755e-01	9.878726e-01	2.435681e+00	7.458662e-01	9.962085e-01	
1  1.95188	3.221770e+00	1.212090e-01	1.009028e+00	2.339563e+00	7.504662e-01	1.022634e+00	
1  1.49883	2.895499e+00	1.150394e-01	1.019885e+00	2.365661e+00	7.274603e-01	1.030750e+00	
1  1.07834	2.697637e+00	1.125961e-01	1.020504e+00	2.352783e+00	7.164351e-01	1.034423e+00	
1  0.997018	2.697637e+00	1.125961e-01	1.020504e+00	2.352783e+00	7.164351e-01	1.033770e+00	
1  0.939338	2.782939e+00	1.165481e-01	9.983433e-01	2.371626e+00	7.272204e-01	1.012650e+00	
1  0.987998	2.799778e+00	1.160667e-01	1.000625e+00	2.388378e+00	7.247092e-01	1.013719e+00	
1  1.10678	2.808036e+00	1.156748e-01	1.001229e+00	2.417071e+00	7.262215e-01	1.009543e+00	
1  0.939343	2.713778e+00	1.142712e-01	9.982780e-01	2.451889e+00	7.171905e-01	1.004835e+00	
1  0.699256	2.544544e+00	1.127940e-01	9.922142e-01	2.460845e+00	7.087660e-01	1.000200e+00	
1  0.698708	2.544544e+00	1.127940e-01	9.922142e-01	2.460845e+00	7.087660e-01	1.000195e+00	
1  0.464982	2.310075e+00	1.087205e-01	9.935851e-01	2.510606e+00	6.881263e-01	9.987944e-01	
1  0.561728	2.254627e+00	1.082658e-01	9.961047e-01	2.507491e+00	6.870393e-01	9.967328e-01	
1  0.65944	2.287167e+00	1.066006e-01	1.012855e+00	2.484561e+00	6.914697e-01	1.011517e+00	
1  0.530865	2.085146e+00	1.023260e-01	1.027306e+00	2.497169e+00	6.735052e-01	1.019529e+00	
1  0.475213	2.046885e+00	1.017857e-01	1.025952e+00	2.505296e+00	6.711127e-01	1.018577e+00	
1  0.440491	2.046885e+00	1.017857e-01	1.025952e+00	2.505296e+00	6.711127e-01	1.018022e+00	
1  0.27181	1.957434e+00	9.913501e-02	1.030293e+00	2.549771e+00	6.566670e-01	1.019835e+00	
1  0.35559	2.012090e+00	9.756606e-02	1.048731e+00	2.522383e+00	6.620132e-01	1.036538e+00	
1  0.595347	2.245720e+00	1.023392e-01	1.043654e+00	2.480490e+00	6.795880e-01	1.032858e+00	
1  0.619526	2.264567e+00	1.046025e-01	1.028124e+00	2.492043e+00	6.803100e-01	1.019981e+00	
1  0.835694	2.373900e+00	1.084256e-01	1.018533e+00	2.436671e+00	6.932557e-01	1.016515e+00	
1  0.967384	2.373900e+00	1.084256e-01	1.018533e+00	2.436671e+00	6.932557e-01	1.017657e+00	
1  0.956688	2.247665e+00	1.054876e-01	1.036016e+00	2.405257e+00	6.827551e-01	1.031724e+00	
1  0.705916	2.009200e+00	1.010660e-01	1.043603e+00	2.439548e+00	6.666497e-01	1.033088e+00	
1  0.640172	2.040908e+00	1.004308e-01	1.052161e+00	2.423920e+00	6.651974e-01	1.042742e+00	
1  0.581789	1.961213e+00	1.000080e-01	1.051652e+00	2.413055e+00	6.557802e-01	1.043327e+00	
1  0.594171	2.040886e+00	1.009377e-01	1.052893e+00	2.388408e+00	6.620113e-01	1.048754e+00	
1  0.523702	2.040886e+00	1.009377e-01	1.052893e+00	2.388408e+00	6.620113e-01	1.047686e+00	
1  0.429377	1.984849e+00	1.001468e-01	1.050192e+00	2.397885e+00	6.587120e-01	1.047052e+00	
1  0.462601	2.005922e+00	1.012894e-01	1.039813e+00	2.456994e+00	6.534796e-01	1.030792e+00	
1  0.419412	2.009266e+00	1.019130e-01	1.032330e+00	2.473126e+00	6.525616e-01	1.025093e+00	
1  0.235639	1.559945e+00	9.309985e-02	1.041854e+00	2.556294e+00	6.190762e-01	1.028848e+00	
1  0.660009	1.339543e+00	8.839453e-02	1.052137e+00	2.572888e+00	5.976342e-01	1.039371e+00	
1  0.530159	1.339543e+00	8.839453e-02	1.052137e+00	2.572888e+00	5.976342e-01	1.040990e+00	
1  0.699184	1.350991e+00	8.801260e-02	1.056509e+00	2.546850e+00	5.986056e-01	1.049871e+00	
1  0.203853	1.749441e+00	9.655896e-02	1.039843e+00	2.474322e+00	6.341496e-01	1.041649e+00	
1  0.229959	1.456224e+00	9.201631e-02	1.042990e+00	2.484616e+00	6.207068e-01	1.044815e+00	
1  0.432983	1.301382e+00	8.865141e-02	1.049580e+00	2.498991e+00	6.135642e-01	1.049751e+00	
1  0.71231	1.194380e+00	8.636388e-02	1.055785e+00	2.502676e+00	6.027711e-01	1.055735e+00	
1  0.678114	1.194380e+00	8.636388e-02	1.055785e+00	2.502676e+00	6.027711e-01	1.056140e+00	
3  0.789841	1.114205e+00	8.503653e-02	1.056297e+00	2.511527e+00	6.009321e-01	1.055653e+00	
1  0.243836	1.303762e+00	9.028359e-02	1.044705e+00	2.463533e+00	6.175899e-01	1.047780e+00	
1  0.237267	1.145014e+00	8.816994e-02	1.041106e+00	2.485141e+00	6.064141e-01	1.045729e+00	
1  0.24538	1.145014e+00	8.816994e-02	1.041106e+00	2.485141e+00	6.064141e-01	1.045408e+00	
1  0.213453	1.069846e+00	8.838579e-02	1.039284e+00	2.472399e+00	6.051537e-01	1.040251e+00	
1  0.255942	1.371573e+00	9.318104e-02	1.034886e+00	2.448040e+00	6.266703e-01	1.037610e+00	
1  0.385732	1.556248e+00	9.690292e-02	1.024815e+00	2.466943e+00	6.384207e-01	1.024447e+00	
1  0.585305	1.788429e+00	1.013367e-01	1.015691e+00	2.462067e+00	6.553374e-01	1.015167e+00	
1  0.535595	1.614458e+00	9.926002e-02	1.017963e+00	2.428720e+00	6.486422e-01	1.021995e+00	
1  0.555605	1.614458e+00	9.926002e-02	1.017963e+00	2.428720e+00	6.486422e-01	1.022227e+00	
1  0.341048	1.370784e+00	9.346882e-02	1.035686e+00	2.428842e+00	6.334802e-01	1.038217e+00	
1  0.493613	1.409594e+00	9.468160e-02	1.031252e+00	2.462007e+00	6.351884e-01	1.025924e+00	
1  0.360122	1.506621e+00	9.432978e-02	1.038932e+00	2.482074e+00	6.350045e-01	1.031152e+00	
1  0.674006	1.507094e+00	9.809426e-02	1.012497e+00	2.488698e+00	6.431882e-01	1.007800e+00	
1  0.521118	1.583766e+00	9.753194e-02	1.023975e+00	2.467603e+00	6.454682e-01	1.020926e+00	
1  0.590266	1.583766e+00	9.753194e-02	1.023975e+00	2.467603e+00	6.454682e-01	1.021767e+00	
1  0.512103	1.464756e+00	9.514918e-02	1.030009e+00	2.475193e+00	6.375945e-01	1.025391e+00	
1  0.540449	1.546997e+00	9.714370e-02	1.017527e+00	2.501891e+00	6.435885e-01	1.014661e+00	
1  0.647338	1.703428e+00	9.969374e-02	1.015905e+00	2.461959e+00	6.606213e-01	1.017725e+00	
1  0.67326	1.765679e+00	1.009686e-01	1.010518e+00	2.482780e+00	6.613625e-01	1.011076e+00	
1  0.576285	1.562264e+00	9.864732e-02	1.003981e+00	2.535864e+00	6.427815e-01	1.001130e+00	
1  0.421421	1.562264e+00	9.864732e-02	1.003981e+00	2.535864e+00	6.427815e-01	9.993050e-01	
1  0.399593	1.492640e+00	9.841397e-02	9.981494e-01	2.544887e+00	6.357343e-01	9.954328e-01	
1  0.485205	1.573181e+00	9.984255e-02	9.976245e-01	2.530644e+00	6.446792e-01	9.944418e-01	
1  0.307872	1.565797e+00	9.871224e-02	1.000913e+00	2.550745e+00	6.355706e-01	9.985517e-01	
1  0.171441	1.488996e+00	9.489864e-02	1.018174e+00	2.552745e+00	6.284120e-01	1.014676e+00	
1  0.177169	1.327036e+00	9.098191e-02	1.023572e+00	2.604849e+00	6.138307e-01	1.015977e+00	
1  0.158277	1.327036e+00	9.098191e-02	1.023572e+00	2.604849e+00	6.138307e-01	1.017227e+00	
1  0.169026	1.260517e+00	9.000489e-02	1.026808e+00	2.593687e+00	6.098398e-01	1.020483e+00	
2  0.197189	1.293839e+00	8.987533e-02	1.024284e+00	2.639881e+00	6.065188e-01	1.014985e+00	
1  0.114485	1.277515e+00	9.141091e-02	1.013771e+00	2.636466e+00	6.081697e-01	1.005728e+00	
1  0.129326	9.580580e-01	8.656982e-02	1.019103e+00	2.643481e+00	5.887928e-01	1.010313e+00	
1  0.132352	9.580580e-01	8.656982e-02	1.019103e+00	2.643481e+00	5.887928e-01	1.009925e+00	
1  0.195948	8.057406e-01	8.376763e-02	1.014745e+00	2.716141e+00	5.715535e-01	1.002724e+00	
1  0.0931126	9.525761e-01	8.690461e-02	1.005103e+00	2.711405e+00	5.807254e-01	9.964856e-01	
1  0.129923	6.895836e-01	8.255886e-02	1.013957e+00	2.705109e+00	5.668384e-01	1.003938e+00	
1  0.107813	9.375770e-01	8.687868e-02	1.016887e+00	2.597485e+00	5.903836e-01	1.017339e+00	
1  0.26877	9.694797e-01	8.535115e-02	1.027176e+00	2.619855e+00	5.901220e-01	1.023021e+00	
1  0.245429	9.694797e-01	8.535115e-02	1.027176e+00	2.619855e+00	5.901220e-01	1.023550e+00	
1  0.0992204	1.142159e+00	8.957747e-02	1.012359e+00	2.612127e+00	6.031044e-01	1.013256e+00	
1  0.100315	1.364141e+00	9.342021e-02	1.007010e+00	2.590178e+00	6.174282e-01	1.011141e+00	
1  0.0999622	1.368054e+00	9.222853e-02	1.010552e+00	2.647695e+00	6.121951e-01	1.006201e+00	
1  0.106043	1.273820e+00	9.136858e-02	1.007380e+00	2.653543e+00	6.114142e-01	1.002432e+00	
1  0.21054	1.558258e+00	9.656302e-02	1.006960e+00	2.566481e+00	6.360900e-01	1.008758e+00	
1  0.191586	1.558258e+00	9.656302e-02	1.006960e+00	2.566481e+00	6.360900e-01	1.008293e+00	
1  0.360537	1.514071e+00	9.840681e-02	9.947178e-01	2.527595e+00	6.424582e-01	1.001960e+00	
1  0.500349	1.744254e+00	1.031585e-01	9.901703e-01	2.469568e+00	6.604232e-01	1.001861e+00	
1  0.580992	1.759633e+00	1.032959e-01	9.964959e-01	2.419311e+00	6.707406e-01	1.010083e+00	
1  0.313718	1.383224e+00	9.486907e-02	1.020883e+00	2.426049e+00	6.397361e-01	1.032573e+00	
1  0.234062	1.174302e+00	9.011529e-02	1.031476e+00	2.464129e+00	6.233912e-01	1.037592e+00	
1  0.232797	1.174302e+00	9.011529e-02	1.031476e+00	2.464129e+00	6.233912e-01	1.037522e+00	
1  0.331397	1.501551e+00	9.590296e-02	1.033772e+00	2.336061e+00	6.581652e-01	1.050419e+00	
1  0.318222	1.482333e+00	9.448727e-02	1.044979e+00	2.314953e+00	6.557244e-01	1.061354e+00	
1  0.328548	1.392861e+00	9.473365e-02	1.035818e+00	2.317951e+00	6.516264e-01	1.053599e+00	
1  0.370654	1.562221e+00	9.888250e-02	1.030495e+00	2.246733e+00	6.701699e-01	1.054972e+00	
1  0.31507	1.667940e+00	9.714954e-02	1.047275e+00	2.252735e+00	6.704539e-01	1.071736e+00	
1  0.315061	1.667940e+00	9.714954e-02	1.047275e+00	2.252735e+00	6.704539e-01	1.071735e+00	
1  0.346255	1.854939e+00	1.011379e-01	1.033738e+00	2.266954e+00	6.847841e-01	1.058323e+00	
1  0.301722	1.658957e+00	9.758089e-02	1.037212e+00	2.297731e+00	6.705952e-01	1.059349e+00	
1  0.375124	1.957397e+00	1.027335e-01	1.028028e+00	2.288932e+00	6.893765e-01	1.052135e+00	
1  0.369179	1.825641e+00	1.012852e-01	1.027775e+00	2.291331e+00	6.820452e-01	1.050727e+00	
1  0.452358	1.991204e+00	1.030126e-01	1.031182e+00	2.303011e+00	6.848982e-01	1.050465e+00	
1  0.430095	1.991204e+00	1.030126e-01	1.031182e+00	2.303011e+00	6.848982e-01	1.050094e+00	
1  0.446312	2.105611e+00	1.061431e-01	1.023520e+00	2.263304e+00	6.967363e-01	1.047967e+00	
1  0.384875	1.932263e+00	1.042990e-01	1.018228e+00	2.280726e+00	6.877958e-01	1.043352e+00	
1  0.46799	2.405048e+00	1.119850e-01	1.007556e+00	2.255365e+00	7.159796e-01	1.037552e+00	
1  0.574845	2.223386e+00	1.086532e-01	1.007008e+00	2.341520e+00	6.989425e-01	1.026562e+00	
1  0.642794	2.300644e+00	1.117925e-01	1.000487e+00	2.299720e+00	7.099130e-01	1.020998e+00	
3  0.455152	2.300644e+00	1.117925e-01	1.000487e+00	2.299720e+00	7.099130e-01	1.018884e+00	
1  0.386269	2.377707e+00	1.118746e-01	1.003582e+00	2.286654e+00	7.148919e-01	1.027073e+00	
2  0.365689	2.699812e+00	1.178203e-01	9.950446e-01	2.236476e+00	7.436310e-01	1.023774e+00	
2  0.518523	2.699812e+00	1.178203e-01	9.950446e-01	2.236476e+00	7.436310e-01	1.025787e+00	
1  0.700651	3.056006e+00	1.221819e-01	9.985009e-01	2.203130e+00	7.678050e-01	1.030986e+00	
1  0.837016	3.059012e+00	1.213478e-01	1.005675e+00	2.197993e+00	7.670325e-01	1.036695e+00	
1  0.649351	3.023392e+00	1.207599e-01	1.017049e+00	2.122442e+00	7.695763e-01	1.052106e+00	
1  0.921111	2.938672e+00	1.186694e-01	1.025672e+00	2.139921e+00	7.638994e-01	1.053222e+00	
1  0.878407	2.938672e+00	1.186694e-01	1.025672e+00	2.139921e+00	7.638994e-01	1.052811e+00	
1  0.469933	2.950079e+00	1.212086e-01	1.012914e+00	2.101872e+00	7.699720e-01	1.047207e+00	
1  0.493046	3.079564e+00	1.220591e-01	1.021117e+00	2.066533e+00	7.776899e-01	1.058487e+00	
1  0.6272	2.960538e+00	1.192834e-01	1.028947e+00	2.085682e+00	7.675823e-01	1.062177e+00	
1  0.712278	2.865023e+00	1.161275e-01	1.038687e+00	2.104725e+00	7.597576e-01	1.069793e+00	
1  0.706953	3.148597e+00	1.210828e-01	1.033842e+00	2.062831e+00	7.761034e-01	1.070236e+00	
1  0.717833	3.148597e+00	1.210828e-01	1.033842e+00	2.062831e+00	7.761034e-01	1.070369e+00	
1  0.615512	3.287871e+00	1.238891e-01	1.024449e+00	2.059719e+00	7.841402e-01	1.065600e+00	
1  0.856857	3.336733e+00	1.236132e-01	1.028629e+00	2.074652e+00	7.857866e-01	1.067113e+00	
1  0.841333	3.346498e+00	1.238689e-01	1.025140e+00	2.088663e+00	7.824368e-01	1.064803e+00	
1  1.09887	3.330253e+00	1.224486e-01	1.028463e+00	2.123623e+00	7.768581e-01	1.065283e+00	
1  1.00059	3.439459e+00	1.243794e-01	1.030786e+00	2.073417e+00	7.906568e-01	1.070341e+00	
1  1.0358	3.439459e+00	1.243794e-01	1.030786e+00	2.073417e+00	7.906568e-01	1.070660e+00	
1  0.914552	3.400338e+00	1.245961e-01	1.025911e+00	2.075225e+00	7.938962e-01	1.065098e+00	
2  0.916724	3.789261e+00	1.316336e-01	1.013167e+00	2.051111e+00	8.216023e-01	1.055805e+00	
1  0.488639	3.807296e+00	1.328790e-01	1.016386e+00	1.975611e+00	8.339501e-01	1.062967e+00	
1  0.718516	3.555151e+00	1.274476e-01	1.029842e+00	1.999411e+00	8.150065e-01	1.071953e+00	
1  0.677143	3.555151e+00	1.274476e-01	1.029842e+00	1.999411e+00	8.150065e-01	1.071412e+00	
1  0.558643	3.435468e+00	1.267014e-01	1.023910e+00	2.014148e+00	8.095415e-01	1.064210e+00	
1  0.462624	3.578246e+00	1.299476e-01	1.018602e+00	1.990268e+00	8.198522e-01	1.059940e+00	
1  0.541141	3.445973e+00	1.277816e-01	1.017941e+00	2.024476e+00	8.104801e-01	1.056397e+00	
1  0.578996	3.400311e+00	1.276217e-01	1.008544e+00	2.076076e+00	8.017955e-01	1.045312e+00	
1  0.314063	3.439288e+00	1.299482e-01	1.002747e+00	2.034910e+00	8.098925e-01	1.042170e+00	
2  0.343735	3.439288e+00	1.299482e-01	1.002747e+00	2.034910e+00	8.098925e-01	1.042805e+00	
1  0.614761	3.344334e+00	1.269451e-01	1.011480e+00	2.061447e+00	8.049330e-01	1.046928e+00	
1  0.781977	3.151871e+00	1.237806e-01	1.006402e+00	2.141648e+00	7.851975e-01	1.037287e+00	
1  1.05926	2.972675e+00	1.190958e-01	1.015069e+00	2.199468e+00	7.684070e-01	1.040611e+00	
1  0.892479	3.260148e+00	1.237530e-01	1.010279e+00	2.148708e+00	7.870081e-01	1.045138e+00	
1  0.82971	3.260148e+00	1.237530e-01	1.010279e+00	2.148708e+00	7.870081e-01	1.044547e+00	
1  1.08151	3.264852e+00	1.222595e-01	1.024182e+00	2.134448e+00	7.827614e-01	1.056521e+00	
1  0.680519	3.279860e+00	1.247847e-01	1.018130e+00	2.078353e+00	7.888929e-01	1.053904e+00	
1  0.776732	3.067927e+00	1.185652e-01	1.034476e+00	2.111120e+00	7.688189e-01	1.069933e+00	
2  0.836252	2.912839e+00	1.142954e-01	1.045997e+00	2.147522e+00	7.526452e-01	1.077087e+00	
1  0.837241	2.912839e+00	1.142954e-01	1.045997e+00	2.147522e+00	7.526452e-01	1.077098e+00	
1  1.09921	2.832490e+00	1.115338e-01	1.061247e+00	2.165507e+00	7.437563e-01	1.082369e+00	
1  0.777274	2.654215e+00	1.095660e-01	1.060019e+00	2.156033e+00	7.357776e-01	1.083400e+00	
1  1.32404	3.033698e+00	1.152778e-01	1.062509e+00	2.104162e+00	7.605001e-01	1.086030e+00	
1  1.44645	2.949066e+00	1.120010e-01	1.066711e+00	2.184094e+00	7.438161e-01	1.084657e+00	
1  2.05809	3.128317e+00	1.163114e-01	1.054876e+00	2.192424e+00	7.520508e-01	1.070937e+00	
1  1.75999	3.128317e+00	1.163114e-01	1.054876e+00	2.192424e+00	7.520508e-01	1.069081e+00	
1  2.03667	3.320639e+00	1.180450e-01	1.069210e+00	2.116107e+00	7.649248e-01	1.087362e+00	
1  1.88245	3.603841e+00	1.261825e-01	1.045927e+00	2.066219e+00	7.896017e-01	1.069808e+00	
1  1.32748	3.721294e+00	1.298063e-01	1.040128e+00	2.008009e+00	8.005174e-01	1.068807e+00	
1  1.94128	3.429530e+00	1.225732e-01	1.054458e+00	2.089251e+00	7.719868e-01	1.074909e+00	
1  1.84397	3.600870e+00	1.272788e-01	1.035300e+00	2.096803e+00	7.883550e-01	1.057453e+00	
1  1.93578	3.600870e+00	1.272788e-01	1.035300e+00	2.096803e+00	7.883550e-01	1.058001e+00	
1  2.89193	3.649771e+00	1.269309e-01	1.032636e+00	2.175994e+00	7.842483e-01	1.047662e+00	
1  2.56263	3.677922e+00	1.280447e-01	1.027195e+00	2.167288e+00	7.884469e-01	1.045066e+00	
1  2.83171	3.729183e+00	1.281150e-01	1.036913e+00	2.126702e+00	7.974739e-01	1.054405e+00	
1  2.90448	3.817938e+00	1.292137e-01	1.040374e+00	2.097304e+00	8.039622e-01	1.060000e+00	
1  2.25277	3.592986e+00	1.262491e-01	1.041668e+00	2.099246e+00	7.892696e-01	1.061828e+00	
1  2.10078	3.592986e+00	1.262491e-01	1.041668e+00	2.099246e+00	7.892696e-01	1.060981e+00	
1  1.37755	3.505318e+00	1.262228e-01	1.037577e+00	2.064025e+00	7.930124e-01	1.061106e+00	
4  1.9778	3.626958e+00	1.278847e-01	1.036704e+00	2.086256e+00	7.985292e-01	1.054625e+00	
2  1.77686	3.626958e+00	1.278847e-01	1.036704e+00	2.086256e+00	7.985292e-01	1.053398e+00	
1  1.77562	3.687172e+00	1.283610e-01	1.038874e+00	2.067979e+00	8.070627e-01	1.057522e+00	
1  1.19886	3.223641e+00	1.219131e-01	1.033797e+00	2.134873e+00	7.762407e-01	1.050400e+00	
1  1.1801	3.088149e+00	1.189541e-01	1.037550e+00	2.167759e+00	7.620257e-01	1.052724e+00	
1  1.1136	3.049228e+00	1.175778e-01	1.034608e+00	2.212651e+00	7.536750e-01	1.050767e+00	
1  1.15601	3.049228e+00	1.175778e-01	1.034608e+00	2.212651e+00	7.536750e-01	1.051121e+00	
1  1.18851	3.297789e+00	1.238640e-01	1.020526e+00	2.172067e+00	7.770411e-01	1.038671e+00	
1  0.715818	3.282902e+00	1.255059e-01	1.008962e+00	2.155474e+00	7.776232e-01	1.032744e+00	
1  0.156747	3.451722e+00	1.317974e-01	9.969466e-01	2.028215e+00	8.031864e-01	1.032573e+00	
1  0.155237	3.510136e+00	1.321032e-01	9.957995e-01	2.039425e+00	8.042522e-01	1.033574e+00	
3  0.219412	3.344123e+00	1.284427e-01	1.004312e+00	2.046495e+00	7.979330e-01	1.040508e+00	
1  0.309736	3.173865e+00	1.242828e-01	1.015758e+00	2.059188e+00	7.847120e-01	1.050402e+00	
1  0.266268	3.093326e+00	1.229956e-01	1.023412e+00	2.002081e+00	7.846782e-01	1.063493e+00	
1  0.326097	3.041515e+00	1.207696e-01	1.021075e+00	2.090431e+00	7.685809e-01	1.057573e+00	
1  0.434513	2.802301e+00	1.156895e-01	1.035507e+00	2.116324e+00	7.482871e-01	1.064941e+00	
1  0.468428	2.802301e+00	1.156895e-01	1.035507e+00	2.116324e+00	7.482871e-01	1.065620e+00	
1  0.520594	2.923620e+00	1.179901e-01	1.036577e+00	2.084578e+00	7.577322e-01	1.066302e+00	
1  0.582995	3.045106e+00	1.198393e-01	1.036034e+00	2.070029e+00	7.695280e-01	1.065707e+00	
1  0.7773	2.832349e+00	1.146845e-01	1.048667e+00	2.116524e+00	7.551166e-01	1.069916e+00	
1  0.862284	2.988400e+00	1.166600e-01	1.052184e+00	2.085447e+00	7.653765e-01	1.075369e+00	
1  0.674449	2.781024e+00	1.129677e-01	1.058530e+00	2.093403e+00	7.483005e-01	1.081952e+00	
1  0.644568	2.781024e+00	1.129677e-01	1.058530e+00	2.093403e+00	7.483005e-01	1.081418e+00	
1  0.549864	2.688982e+00	1.126801e-01	1.047656e+00	2.124310e+00	7.428865e-01	1.071144e+00	
1  0.696067	2.729719e+00	1.092507e-01	1.061882e+00	2.203754e+00	7.297726e-01	1.079810e+00	
1  0.40357	2.316704e+00	1.043862e-01	1.054176e+00	2.254093e+00	7.012927e-01	1.070696e+00	
1  0.590508	2.673544e+00	1.108730e-01	1.052319e+00	2.173012e+00	7.279799e-01	1.073457e+00	
1  0.58396	2.620088e+00	1.107875e-01	1.047637e+00	2.188293e+00	7.247801e-01	1.067102e+00	
1  0.546332	2.620088e+00	1.107875e-01	1.047637e+00	2.188293e+00	7.247801e-01	1.066470e+00	
1  0.526864	2.578026e+00	1.136966e-01	1.029245e+00	2.186333e+00	7.281033e-01	1.046138e+00	
1  0.600726	2.398533e+00	1.091760e-01	1.038428e+00	2.244976e+00	7.124056e-01	1.047556e+00	
1  0.471673	2.303950e+00	1.074040e-01	1.044462e+00	2.214646e+00	7.088617e-01	1.057512e+00	
1  0.533616	2.429957e+00	1.096042e-01	1.045372e+00	2.183406e+00	7.177628e-01	1.059486e+00	
1  0.407769	2.242333e+00	1.070775e-01	1.041684e+00	2.214188e+00	7.027330e-01	1.056329e+00	
1  0.426334	2.242333e+00	1.070775e-01	1.041684e+00	2.214188e+00	7.027330e-01	1.056750e+00	
1  0.51924	2.512610e+00	1.128856e-01	1.019307e+00	2.259198e+00	7.137355e-01	1.034673e+00	
1  0.363	2.371514e+00	1.114218e-01	1.012747e+00	2.280767e+00	7.025273e-01	1.030651e+00	
1  0.378633	2.488526e+00	1.149744e-01	1.000958e+00	2.269850e+00	7.174137e-01	1.018818e+00	
1  0.460391	2.339261e+00	1.116298e-01	1.007479e+00	2.317290e+00	7.014047e-01	1.018563e+00	
1  0.270827	2.077179e+00	1.049065e-01	1.011280e+00	2.447327e+00	6.726031e-01	1.014998e+00	
1  0.285085	2.077179e+00	1.049065e-01	1.011280e+00	2.447327e+00	6.726031e-01	1.015274e+00	
1  0.30456	2.082332e+00	1.049037e-01	1.013649e+00	2.428218e+00	6.760283e-01	1.018887e+00	
1  0.257658	2.053588e+00	1.052080e-01	1.006992e+00	2.437158e+00	6.733294e-01	1.014292e+00	
1  0.369107	2.121532e+00	1.083766e-01	9.946850e-01	2.433620e+00	6.842335e-01	9.996873e-01	
1  0.351639	2.110316e+00	1.086807e-01	9.885488e-01	2.456154e+00	6.845327e-01	9.924169e-01	
1  0.352488	2.191676e+00	1.084680e-01	1.004479e+00	2.380122e+00	6.886881e-01	1.015420e+00	
1  0.370265	2.191676e+00	1.084680e-01	1.004479e+00	2.380122e+00	6.886881e-01	1.015683e+00	
1  0.407545	2.129278e+00	1.092806e-01	9.977098e-01	2.368074e+00	6.905178e-01	1.007903e+00	
1  0.398835	2.171232e+00	1.091667e-01	1.005128e+00	2.347617e+00	6.877348e-01	1.016805e+00	
1  0.467126	2.600435e+00	1.169289e-01	9.939736e-01	2.309416e+00	7.160718e-01	1.009301e+00	
1  0.430721	2.393174e+00	1.133526e-01	9.948498e-01	2.361916e+00	6.962873e-01	1.006310e+00	
1  0.434812	2.298267e+00	1.090599e-01	1.013035e+00	2.364183e+00	6.897418e-01	1.023502e+00	
1  0.486232	2.298267e+00	1.090599e-01	1.013035e+00	2.364183e+00	6.897418e-01	1.024164e+00	
1  0.591958	2.334032e+00	1.083516e-01	1.020225e+00	2.366702e+00	6.973719e-01	1.027867e+00	
1  0.695688	2.711601e+00	1.148763e-01	1.018962e+00	2.251456e+00	7.308941e-01	1.038837e+00	
1  0.452301	2.409496e+00	1.088417e-01	1.025071e+00	2.302489e+00	7.069363e-01	1.043900e+00	
1  0.525463	2.623749e+00	1.111636e-01	1.026763e+00	2.284638e+00	7.189707e-01	1.049522e+00	
1  0.746307	2.947149e+00	1.184478e-01	1.010343e+00	2.261053e+00	7.406914e-01	1.034485e+00	
1  0.698159	2.947149e+00	1.184478e-01	1.010343e+00	2.261053e+00	7.406914e-01	1.034010e+00	
1  0.605027	2.847153e+00	1.168236e-01	1.013826e+00	2.257473e+00	7.309577e-01	1.038248e+00	
1  0.576259	2.646115e+00	1.110469e-01	1.026460e+00	2.332188e+00	7.086078e-01	1.043450e+00	
1  0.502792	2.736788e+00	1.131370e-01	1.024535e+00	2.270357e+00	7.198061e-01	1.050432e+00	
1  0.413632	2.552935e+00	1.090078e-01	1.027511e+00	2.350071e+00	7.008107e-01	1.046129e+00	
1  0.337739	2.495496e+00	1.068055e-01	1.028509e+00	2.421142e+00	6.896675e-01	1.041311e+00	
1  0.36882	2.495496e+00	1.068055e-01	1.028509e+00	2.421142e+00	6.896675e-01	1.041901e+00	
1  0.292754	2.464129e+00	1.042731e-01	1.036355e+00	2.471089e+00	6.812960e-01	1.044573e+00	
1  0.780557	2.002640e+00	9.474799e-02	1.054200e+00	2.513728e+00	6.485179e-01	1.059706e+00	
1  0.955742	1.913068e+00	9.358364e-02	1.050587e+00	2.536507e+00	6.415748e-01	1.056348e+00	
1  0.849896	1.805527e+00	9.320669e-02	1.047426e+00	2.509975e+00	6.381753e-01	1.056655e+00	
1  0.295962	1.998504e+00	9.832456e-02	1.040522e+00	2.417073e+00	6.619739e-01	1.057801e+00	
2  0.277663	1.998504e+00	9.832456e-02	1.040522e+00	2.417073e+00	6.619739e-01	1.058384e+00	
1  0.313547	1.914107e+00	9.748873e-02	1.044884e+00	2.383040e+00	6.568923e-01	1.064527e+00	
1  0.22418	1.931106e+00	9.989528e-02	1.037779e+00	2.348962e+00	6.659538e-01	1.056864e+00	
1  0.230672	1.799141e+00	9.738664e-02	1.039201e+00	2.376352e+00	6.495993e-01	1.059026e+00	
1  0.261137	1.870084e+00	9.883625e-02	1.046668e+00	2.308470e+00	6.604037e-01	1.067434e+00	
1  0.257475	1.870084e+00	9.883625e-02	1.046668e+00	2.308470e+00	6.604037e-01	1.067932e+00	
1  0.216528	1.934275e+00	1.015125e-01	1.034765e+00	2.301736e+00	6.660466e-01	1.058766e+00	
1  0.212955	2.057037e+00	1.043054e-01	1.034131e+00	2.239033e+00	6.733156e-01	1.064994e+00	
1  0.230683	1.914818e+00	1.008360e-01	1.042166e+00	2.243245e+00	6.640578e-01	1.074744e+00	
1  0.274248	1.862788e+00	9.976339e-02	1.046905e+00	2.233526e+00	6.641372e-01	1.078138e+00	
1  0.177811	1.837083e+00	1.026827e-01	1.030091e+00	2.184261e+00	6.715507e-01	1.069604e+00	
1  0.177549	1.837083e+00	1.026827e-01	1.030091e+00	2.184261e+00	6.715507e-01	1.070320e+00	
1  0.174274	1.713349e+00	1.022848e-01	1.028413e+00	2.152709e+00	6.700216e-01	1.069368e+00	
1  0.178382	1.922488e+00	1.059544e-01	1.019629e+00	2.172670e+00	6.826273e-01	1.058188e+00	
1  0.176596	2.086964e+00	1.095772e-01	1.022146e+00	2.074229e+00	7.076458e-01	1.065402e+00	
1  0.259783	1.702762e+00	1.012259e-01	1.043140e+00	2.116047e+00	6.735362e-01	1.079676e+00	
1  0.242758	1.651698e+00	1.007982e-01	1.041405e+00	2.138140e+00	6.660891e-01	1.074724e+00	
1  0.245847	1.651698e+00	1.007982e-01	1.041405e+00	2.138140e+00	6.660891e-01	1.075039e+00	
1  0.273388	1.447180e+00	9.778451e-02	1.045362e+00	2.163122e+00	6.496126e-01	1.073269e+00	
1  0.268168	1.451560e+00	9.823727e-02	1.042695e+00	2.154748e+00	6.532884e-01	1.072245e+00	
1  0.278092	1.689709e+00	1.034163e-01	1.031749e+00	2.126322e+00	6.753337e-01	1.063119e+00	
1  0.200159	1.630744e+00	1.027149e-01	1.031311e+00	2.099863e+00	6.706935e-01	1.070304e+00	
1  0.152197	1.661447e+00	1.048870e-01	1.022362e+00	2.061654e+00	6.734292e-01	1.069243e+00	
1  0.157264	1.661447e+00	1.048870e-01	1.022362e+00	2.061654e+00	6.734292e-01	1.068419e+00	
1  0.200882	1.156282e+00	9.532791e-02	1.036430e+00	2.113647e+00	6.363340e-01	1.079386e+00	
1  0.170743	1.350385e+00	1.000634e-01	1.028010e+00	2.069384e+00	6.541190e-01	1.073445e+00	
1  0.236746	1.627107e+00	1.051396e-01	1.022455e+00	2.014670e+00	6.739377e-01	1.074699e+00	
1  0.1454	1.455434e+00	1.024410e-01	1.020726e+00	2.060939e+00	6.632169e-01	1.068642e+00	
1  0.134159	1.547385e+00	1.023963e-01	1.018880e+00	2.107201e+00	6.651960e-01	1.066740e+00	
1  0.149973	1.547385e+00	1.023963e-01	1.018880e+00	2.107201e+00	6.651960e-01	1.065268e+00	
1  0.292841	1.466281e+00	9.947917e-02	1.037590e+00	2.083727e+00	6.597279e-01	1.079942e+00	
1  0.214148	1.553550e+00	1.025110e-01	1.031873e+00	2.060952e+00	6.700645e-01	1.071350e+00	
1  0.197721	1.417429e+00	1.023767e-01	1.027517e+00	2.024867e+00	6.722934e-01	1.068027e+00	
1  0.143878	1.651191e+00	1.082592e-01	1.009082e+00	2.011448e+00	6.883667e-01	1.053640e+00	
1  0.154462	1.279970e+00	1.011234e-01	1.016316e+00	2.083717e+00	6.588704e-01	1.055541e+00	
1  0.14857	1.279970e+00	1.011234e-01	1.016316e+00	2.083717e+00	6.588704e-01	1.055268e+00	
1  0.182989	1.171493e+00	9.839372e-02	1.027221e+00	2.044486e+00	6.544814e-01	1.071745e+00	
1  0.489185	1.578300e+00	1.060874e-01	1.017266e+00	1.958870e+00	6.869314e-01	1.072756e+00	
1  0.482333	1.612402e+00	1.060545e-01	1.022901e+00	1.956922e+00	6.892391e-01	1.074608e+00	
1  0.612484	1.575977e+00	1.034961e-01	1.034935e+00	1.966663e+00	6.783777e-01	1.086558e+00	
1  0.340328	1.454609e+00	1.050463e-01	1.012121e+00	1.974715e+00	6.757171e-01	1.068491e+00	
1  0.361569	1.454609e+00	1.050463e-01	1.012121e+00	1.974715e+00	6.757171e-01	1.068138e+00	
1  0.643774	1.421626e+00	1.048500e-01	1.012494e+00	1.937539e+00	6.772420e-01	1.074941e+00	
1  0.936965	1.436556e+00	1.054441e-01	1.011270e+00	1.910700e+00	6.811230e-01	1.078131e+00	
2  1.19241	1.558815e+00	1.074638e-01	1.011098e+00	1.892512e+00	6.893894e-01	1.078255e+00	
1  0.989624	1.564982e+00	1.070715e-01	1.012731e+00	1.910004e+00	6.876250e-01	1.077366e+00	
1  0.977198	1.564982e+00	1.070715e-01	1.012731e+00	1.910004e+00	6.876250e-01	1.077475e+00	
2  0.757199	1.417982e+00	1.069992e-01	9.994355e-01	1.913949e+00	6.836504e-01	1.067066e+00	
2  0.804188	1.420865e+00	1.099334e-01	9.790844e-01	1.909918e+00	6.912831e-01	1.050980e+00	
1  1.1063	1.522204e+00	1.122224e-01	9.737360e-01	1.897633e+00	7.019433e-01	1.046350e+00	
1  1.27537	1.522204e+00	1.122224e-01	9.737360e-01	1.897633e+00	7.019433e-01	1.045116e+00	
1  2.50812	1.684506e+00	1.173326e-01	9.586487e-01	1.860506e+00	7.209267e-01	1.033038e+00	
1  2.472	1.834303e+00	1.171951e-01	9.702223e-01	1.863754e+00	7.265218e-01	1.043466e+00	
1  3.06684	1.927511e+00	1.185294e-01	9.664949e-01	1.855657e+00	7.350096e-01	1.044008e+00	
1  2.92376	2.020850e+00	1.182246e-01	9.789184e-01	1.849451e+00	7.358395e-01	1.053400e+00	
1  7.6879	2.307137e+00	1.250462e-01	9.679576e-01	1.745872e+00	7.626358e-01	1.054838e+00	
1  7.75302	2.307137e+00	1.250462e-01	9.679576e-01	1.745872e+00	7.626358e-01	1.054642e+00	
2  6.14013	2.453796e+00	1.267544e-01	9.628447e-01	1.794572e+00	7.685940e-01	1.044877e+00	
1  3.63727	2.425699e+00	1.250235e-01	9.644766e-01	1.863554e+00	7.571255e-01	1.040107e+00	
2  1.70076	2.123330e+00	1.206694e-01	9.588404e-01	1.949027e+00	7.338556e-01	1.027658e+00	
1  1.5041	2.123330e+00	1.206694e-01	9.588404e-01	1.949027e+00	7.338556e-01	1.028864e+00	
2  1.50054	2.230847e+00	1.221628e-01	9.563404e-01	1.959599e+00	7.429461e-01	1.024485e+00	
1  1.19823	2.160179e+00	1.202386e-01	9.672561e-01	1.949836e+00	7.443934e-01	1.029861e+00	
1  2.25818	2.173566e+00	1.227002e-01	9.551651e-01	1.910753e+00	7.540923e-01	1.023987e+00	
1  2.4817	2.107290e+00	1.230563e-01	9.499130e-01	1.903685e+00	7.532775e-01	1.018196e+00	
2  2.53643	2.107290e+00	1.230563e-01	9.499130e-01	1.903685e+00	7.532775e-01	1.017930e+00	
1  1.21114	1.930473e+00	1.178501e-01	9.667772e-01	1.933854e+00	7.380599e-01	1.029290e+00	
1  0.753619	1.889429e+00	1.156323e-01	9.750025e-01	1.960831e+00	7.271583e-01	1.035124e+00	
1  0.305999	1.788978e+00	1.144196e-01	9.696880e-01	2.015987e+00	7.139751e-01	1.025247e+00	
1  1.09224	1.872787e+00	1.173290e-01	9.632174e-01	1.947186e+00	7.266678e-01	1.028271e+00	
2  1.06687	1.872787e+00	1.173290e-01	9.632174e-01	1.947186e+00	7.266678e-01	1.028459e+00	
3  0.939376	1.943433e+00	1.174194e-01	9.653854e-01	1.962806e+00	7.302718e-01	1.029406e+00	
1  1.8964	1.973717e+00	1.180445e-01	9.699467e-01	1.896017e+00	7.384824e-01	1.040960e+00	
1  2.06486	1.973717e+00	1.180445e-01	9.699467e-01	1.896017e+00	7.384824e-01	1.040016e+00	
1  2.03029	1.937763e+00	1.181718e-01	9.698204e-01	1.889250e+00	7.398667e-01	1.036722e+00	
1  1.41892	1.831962e+00	1.142936e-01	9.865706e-01	1.898429e+00	7.298072e-01	1.049554e+00	
1  0.656435	1.664483e+00	1.098851e-01	9.968882e-01	1.946962e+00	7.161601e-01	1.052981e+00	
1  0.815333	1.757487e+00	1.097244e-01	1.006805e+00	1.939252e+00	7.141280e-01	1.063291e+00	
1  0.93977	1.996791e+00	1.134105e-01	1.005851e+00	1.926602e+00	7.292124e-01	1.060204e+00	
1  1.08185	1.996791e+00	1.134105e-01	1.005851e+00	1.926602e+00	7.292124e-01	1.059016e+00	
1  0.529673	1.731695e+00	1.076596e-01	1.013384e+00	1.992737e+00	7.051822e-01	1.061636e+00	
1  0.343709	1.735879e+00	1.071496e-01	1.018178e+00	2.019521e+00	7.005474e-01	1.058978e+00	
2  0.28391	1.725959e+00	1.076248e-01	1.013063e+00	2.029536e+00	6.971767e-01	1.054556e+00	
1  0.101453	1.511270e+00	1.058383e-01	1.004484e+00	2.081352e+00	6.828804e-01	1.039227e+00	
1  0.100158	1.511270e+00	1.058383e-01	1.004484e+00	2.081352e+00	6.828804e-01	1.039688e+00	
3  0.0932609	1.593783e+00	1.076495e-01	1.000679e+00	2.069899e+00	6.891826e-01	1.037215e+00	
1  0.118159	1.418253e+00	1.046846e-01	1.003517e+00	2.108229e+00	6.733460e-01	1.034859e+00	
1  0.152487	1.782967e+00	1.118930e-01	9.992560e-01	2.019921e+00	7.067789e-01	1.033722e+00	
1  0.175045	1.782967e+00	1.118930e-01	9.992560e-01	2.019921e+00	7.067789e-01	1.033089e+00	
1  0.160163	1.797921e+00	1.112045e-01	1.002016e+00	2.034656e+00	7.054766e-01	1.035459e+00	
1  0.102407	1.746541e+00	1.099037e-01	1.000284e+00	2.077166e+00	6.990061e-01	1.031345e+00	
1  0.087427	1.790748e+00	1.110771e-01	9.965349e-01	2.088204e+00	7.015663e-01	1.024994e+00	
1  0.102449	1.781878e+00	1.100028e-01	9.963995e-01	2.143788e+00	6.939947e-01	1.020184e+00	
1  0.144704	1.711859e+00	1.070212e-01	1.011797e+00	2.123900e+00	6.888968e-01	1.036440e+00	
1  0.139279	1.711859e+00	1.070212e-01	1.011797e+00	2.123900e+00	6.888968e-01	1.035794e+00	
1  0.168533	1.428014e+00	1.031592e-01	1.012358e+00	2.145064e+00	6.699983e-01	1.034697e+00	
1  0.272323	1.102629e+00	9.589675e-02	1.019179e+00	2.246668e+00	6.388715e-01	1.035463e+00	
1  0.195624	1.269876e+00	9.618998e-02	1.024181e+00	2.284855e+00	6.439074e-01	1.037924e+00	
1  0.131873	1.714858e+00	1.053196e-01	1.009436e+00	2.198015e+00	6.812449e-01	1.032760e+00	
1  0.130382	2.011609e+00	1.141760e-01	9.889221e-01	2.087953e+00	7.168437e-01	1.022418e+00	
1  0.143026	2.011609e+00	1.141760e-01	9.889221e-01	2.087953e+00	7.168437e-01	1.022065e+00	
1  0.413711	2.303221e+00	1.198985e-01	9.838181e-01	2.028574e+00	7.414560e-01	1.019775e+00	
2  0.620031	2.315053e+00	1.218411e-01	9.748904e-01	2.014322e+00	7.453521e-01	1.012049e+00	
2  0.66675	2.066682e+00	1.174054e-01	9.812480e-01	1.995313e+00	7.296789e-01	1.026136e+00	
1  0.840552	2.066682e+00	1.174054e-01	9.812480e-01	1.995313e+00	7.296789e-01	1.024573e+00	
2  0.768061	2.192981e+00	1.177706e-01	9.919995e-01	1.987768e+00	7.385635e-01	1.030923e+00	
1  0.935816	2.300766e+00	1.190596e-01	1.000232e+00	1.952431e+00	7.438050e-01	1.037546e+00	
2  1.41733	2.446823e+00	1.223380e-01	9.938351e-01	1.923751e+00	7.569540e-01	1.034057e+00	
1  1.43781	2.446823e+00	1.223380e-01	9.938351e-01	1.923751e+00	7.569540e-01	1.033920e+00	
2  1.57354	2.624425e+00	1.247012e-01	9.928578e-01	1.917368e+00	7.690277e-01	1.033378e+00	
1  0.600174	2.556436e+00	1.224135e-01	9.926756e-01	2.004247e+00	7.557588e-01	1.025111e+00	
1  0.228089	2.222286e+00	1.165385e-01	9.911952e-01	2.089389e+00	7.307126e-01	1.019748e+00	
1  0.0790501	1.927874e+00	1.122937e-01	9.804472e-01	2.237681e+00	7.026106e-01	9.945196e-01	
1  0.0762738	1.927874e+00	1.122937e-01	9.804472e-01	2.237681e+00	7.026106e-01	9.941898e-01	
1  0.0715691	2.108270e+00	1.149522e-01	9.752366e-01	2.227367e+00	7.162309e-01	9.935905e-01	
1  0.066967	1.955610e+00	1.105612e-01	9.790884e-01	2.294836e+00	6.986022e-01	9.967888e-01	
1  0.062646	1.692357e+00	1.089968e-01	9.595688e-01	2.372774e+00	6.792864e-01	9.730802e-01	
1  0.0568951	1.857906e+00	1.115367e-01	9.644728e-01	2.335952e+00	6.902481e-01	9.762554e-01	
1  0.0426294	1.733558e+00	1.112935e-01	9.584305e-01	2.304591e+00	6.885146e-01	9.754414e-01	
1  0.0404265	1.733558e+00	1.112935e-01	9.584305e-01	2.304591e+00	6.885146e-01	9.749851e-01	
1  0.071939	1.590448e+00	1.061130e-01	9.712279e-01	2.383933e+00	6.645803e-01	9.811068e-01	
1  0.0604163	1.981984e+00	1.146774e-01	9.494434e-01	2.359636e+00	6.985625e-01	9.619173e-01	
2  0.0672309	2.000674e+00	1.150929e-01	9.491048e-01	2.345538e+00	7.028641e-01	9.631878e-01	
1  0.456641	2.240480e+00	1.225128e-01	9.276349e-01	2.278883e+00	7.322826e-01	9.485939e-01	
1  0.395912	2.240480e+00	1.225128e-01	9.276349e-01	2.278883e+00	7.322826e-01	9.492915e-01	
1  0.270306	2.207005e+00	1.204781e-01	9.296381e-01	2.315074e+00	7.237190e-01	9.534192e-01	
1  0.370427	2.343993e+00	1.225822e-01	9.315790e-01	2.278028e+00	7.390161e-01	9.564358e-01	
1  0.485594	2.322669e+00	1.234898e-01	9.332282e-01	2.227665e+00	7.485137e-01	9.569976e-01	
1  0.0939654	1.995385e+00	1.154881e-01	9.502065e-01	2.285709e+00	7.216024e-01	9.695487e-01	
1  0.148866	2.033750e+00	1.179507e-01	9.412526e-01	2.276816e+00	7.285725e-01	9.585293e-01	
1  0.147236	2.033750e+00	1.179507e-01	9.412526e-01	2.276816e+00	7.285725e-01	9.585719e-01	
1  0.0942595	1.876648e+00	1.130941e-01	9.601377e-01	2.274669e+00	7.173386e-01	9.757548e-01	
1  0.245879	1.551473e+00	1.065092e-01	9.659420e-01	2.379101e+00	6.879211e-01	9.707294e-01	
1  0.191696	1.573760e+00	1.073636e-01	9.628798e-01	2.360937e+00	6.898660e-01	9.717504e-01	
1  0.422566	1.242064e+00	1.031900e-01	9.672473e-01	2.335486e+00	6.745406e-01	9.774890e-01	
1  0.419789	1.309754e+00	1.061140e-01	9.497142e-01	2.398384e+00	6.760848e-01	9.523047e-01	
1  0.475521	1.309754e+00	1.061140e-01	9.497142e-01	2.398384e+00	6.760848e-01	9.529863e-01	
1  0.155765	1.622769e+00	1.136276e-01	9.373914e-01	2.335666e+00	7.029246e-01	9.422960e-01	
1  0.22328	1.781454e+00	1.191948e-01	9.186775e-01	2.316155e+00	7.189218e-01	9.241052e-01	
1  0.15656	1.795439e+00	1.184825e-01	9.281701e-01	2.271963e+00	7.191917e-01	9.388769e-01	
1  0.132134	1.616025e+00	1.144280e-01	9.315833e-01	2.357125e+00	6.937530e-01	9.349356e-01	
1  0.257616	1.479581e+00	1.108223e-01	9.422637e-01	2.381785e+00	6.793205e-01	9.418919e-01	
1  0.27206	1.479581e+00	1.108223e-01	9.422637e-01	2.381785e+00	6.793205e-01	9.421408e-01	
1  0.46647	1.327733e+00	1.079320e-01	9.512757e-01	2.358346e+00	6.722619e-01	9.527183e-01	
1  0.347492	1.333630e+00	1.087540e-01	9.523419e-01	2.293849e+00	6.783996e-01	9.614400e-01	
2  0.196234	1.486975e+00	1.111770e-01	9.446102e-01	2.322822e+00	6.844504e-01	9.529184e-01	
1  0.261311	1.467127e+00	1.107455e-01	9.423866e-01	2.368588e+00	6.795170e-01	9.446374e-01	
1  0.331868	1.467127e+00	1.107455e-01	9.423866e-01	2.368588e+00	6.795170e-01	9.457270e-01	
1  0.471173	1.400299e+00	1.082757e-01	9.472319e-01	2.411655e+00	6.709547e-01	9.469870e-01	
1  0.472638	1.442618e+00	1.063252e-01	9.587927e-01	2.445003e+00	6.659440e-01	9.550848e-01	
1  0.686861	1.269743e+00	1.040337e-01	9.579935e-01	2.476782e+00	6.533769e-01	9.498903e-01	
1  0.688171	1.239201e+00	1.017203e-01	9.669522e-01	2.513208e+00	6.459555e-01	9.538475e-01	
1  0.550303	1.398704e+00	1.046303e-01	9.685369e-01	2.442998e+00	6.592629e-01	9.624102e-01	
1  0.765804	1.398704e+00	1.046303e-01	9.685369e-01	2.442998e+00	6.592629e-01	9.644063e-01	
1  0.749505	1.321201e+00	1.015634e-01	9.798475e-01	2.438738e+00	6.526421e-01	9.782597e-01	
1  0.825127	1.235770e+00	9.938024e-02	9.871219e-01	2.439362e+00	6.485221e-01	9.841441e-01	
1  1.11533	7.662571e-01	9.065972e-02	9.952777e-01	2.509686e+00	6.130625e-01	9.893895e-01	
1  0.633725	8.215534e-01	8.979698e-02	1.000479e+00	2.547707e+00	6.090899e-01	9.913846e-01	
1  0.532539	1.109846e+00	9.393813e-02	9.979980e-01	2.552005e+00	6.312060e-01	9.841227e-01	
1  0.520652	1.109846e+00	9.393813e-02	9.979980e-01	2.552005e+00	6.312060e-01	9.839766e-01	
1  0.711624	1.192122e+00	9.834069e-02	9.723076e-01	2.552530e+00	6.465601e-01	9.635760e-01	
1  0.846584	1.158814e+00	9.884899e-02	9.721132e-01	2.479619e+00	6.527398e-01	9.730105e-01	
1  0.597901	1.268486e+00	9.999837e-02	9.805649e-01	2.403815e+00	6.597234e-01	9.904185e-01	
1  0.285028	1.808499e+00	1.104307e-01	9.688564e-01	2.298713e+00	7.118380e-01	9.848471e-01	
1  0.311772	1.892475e+00	1.103927e-01	9.769580e-01	2.301286e+00	7.118442e-01	9.906850e-01	
1  0.243788	1.892475e+00	1.103927e-01	9.769580e-01	2.301286e+00	7.118442e-01	9.893948e-01	
1  0.187505	1.971672e+00	1.114758e-01	9.833136e-01	2.247916e+00	7.163002e-01	9.998959e-01	
1  0.214398	1.942529e+00	1.092909e-01	9.888774e-01	2.292561e+00	7.039203e-01	1.003515e+00	
1  0.271334	1.550529e+00	9.985248e-02	1.011208e+00	2.358485e+00	6.705609e-01	1.018146e+00	
1  0.226366	1.588903e+00	1.008914e-01	9.930687e-01	2.478509e+00	6.617807e-01	9.924851e-01	
1  0.209619	1.750454e+00	1.058685e-01	9.753480e-01	2.457743e+00	6.747764e-01	9.797718e-01	
1  0.157875	1.750454e+00	1.058685e-01	9.753480e-01	2.457743e+00	6.747764e-01	9.785366e-01	
1  0.185463	1.414972e+00	9.888087e-02	9.864066e-01	2.529998e+00	6.487461e-01	9.808558e-01	
1  0.161891	1.595286e+00	1.013743e-01	9.817302e-01	2.557121e+00	6.576605e-01	9.732859e-01	
1  0.16252	1.629920e+00	1.015289e-01	9.840193e-01	2.554741e+00	6.592908e-01	9.751535e-01	
1  0.1151	1.675156e+00	1.029415e-01	9.732120e-01	2.583226e+00	6.578886e-01	9.661007e-01	
1  0.14939	1.105092e+00	9.157999e-02	9.925445e-01	2.665126e+00	6.127892e-01	9.767256e-01	
1  0.157725	1.105092e+00	9.157999e-02	9.925445e-01	2.665126e+00	6.127892e-01	9.763629e-01	
1  0.189751	1.031297e+00	9.022148e-02	9.954009e-01	2.682212e+00	6.098094e-01	9.743291e-01	
1  0.129502	1.052400e+00	9.181977e-02	9.903533e-01	2.651248e+00	6.116228e-01	9.737119e-01	
1  0.137041	1.502562e+00	1.018099e-01	9.675979e-01	2.595148e+00	6.485611e-01	9.576561e-01	
1  0.103894	1.451513e+00	9.823020e-02	9.809915e-01	2.639818e+00	6.343718e-01	9.672883e-01	
1  0.128981	1.476346e+00	9.931110e-02	9.674711e-01	2.704629e+00	6.327710e-01	9.502684e-01	
1  0.122767	1.476346e+00	9.931110e-02	9.674711e-01	2.704629e+00	6.327710e-01	9.505482e-01	
1  0.101934	1.182552e+00	9.379822e-02	9.840080e-01	2.656072e+00	6.166089e-01	9.722736e-01	
1  0.102788	1.089003e+00	9.243956e-02	9.833792e-01	2.639842e+00	6.161458e-01	9.768702e-01	
1  0.102576	1.374518e+00	9.669970e-02	9.906153e-01	2.541594e+00	6.396399e-01	9.909301e-01	
1  0.11125	1.652920e+00	1.018672e-01	9.848961e-01	2.497791e+00	6.623647e-01	9.881251e-01	
1  0.124371	1.465761e+00	9.921045e-02	9.857263e-01	2.507860e+00	6.526018e-01	9.882228e-01	
1  0.11575	1.465761e+00	9.921045e-02	9.857263e-01	2.507860e+00	6.526018e-01	9.876327e-01	
1  0.116139	1.323941e+00	9.640605e-02	9.868057e-01	2.556609e+00	6.399297e-01	9.845346e-01	
1  0.11715	1.420460e+00	9.713682e-02	9.871619e-01	2.586564e+00	6.402438e-01	9.814504e-01	
1  0.133635	1.498686e+00	9.779703e-02	9.944568e-01	2.510434e+00	6.533499e-01	9.977351e-01	
1  0.117795	1.551525e+00	9.890241e-02	9.871242e-01	2.543039e+00	6.537431e-01	9.890649e-01	
1  0.206194	1.649826e+00	9.809454e-02	1.000663e+00	2.535979e+00	6.568420e-01	1.001794e+00	
1  0.184797	1.649826e+00	9.809454e-02	1.000663e+00	2.535979e+00	6.568420e-01	1.002444e+00	
2  0.656648	1.496560e+00	9.248538e-02	1.030311e+00	2.494485e+00	6.474750e-01	1.031565e+00	
1  0.616428	1.605796e+00	9.404697e-02	1.033881e+00	2.448634e+00	6.543889e-01	1.039901e+00	
1  0.394813	1.782201e+00	9.728577e-02	1.031003e+00	2.425056e+00	6.617786e-01	1.039223e+00	
1  0.810399	1.532536e+00	9.202390e-02	1.044781e+00	2.471483e+00	6.385565e-01	1.042745e+00	
1  0.822145	1.532536e+00	9.202390e-02	1.044781e+00	2.471483e+00	6.385565e-01	1.042623e+00	
2  1.53382	1.427651e+00	8.896058e-02	1.049405e+00	2.530474e+00	6.206260e-01	1.043143e+00	
1  1.87519	1.615515e+00	9.028979e-02	1.052943e+00	2.521044e+00	6.290221e-01	1.051645e+00	
1  0.570413	1.881363e+00	9.739909e-02	1.046699e+00	2.369282e+00	6.599968e-01	1.058349e+00	
1  0.483017	2.031519e+00	9.890893e-02	1.048773e+00	2.382113e+00	6.654599e-01	1.057395e+00	
1  0.440523	2.031519e+00	9.890893e-02	1.048773e+00	2.382113e+00	6.654599e-01	1.058167e+00	
1  0.635834	1.852598e+00	9.544710e-02	1.050544e+00	2.465192e+00	6.466284e-01	1.049019e+00	
1  0.405943	1.961774e+00	9.781363e-02	1.045280e+00	2.455883e+00	6.526308e-01	1.045267e+00	
1  0.459612	1.805238e+00	9.601035e-02	1.034145e+00	2.528807e+00	6.444496e-01	1.029648e+00	
1  0.710856	1.619301e+00	9.332438e-02	1.025534e+00	2.617243e+00	6.259959e-01	1.015822e+00	
1  0.814941	1.753541e+00	9.350675e-02	1.051534e+00	2.509571e+00	6.426706e-01	1.042577e+00	
1  1.04274	1.753541e+00	9.350675e-02	1.051534e+00	2.509571e+00	6.426706e-01	1.040356e+00	
1  0.423111	2.009636e+00	9.904944e-02	1.041372e+00	2.453660e+00	6.655656e-01	1.036871e+00	
1  0.257017	2.078894e+00	1.020870e-01	1.031290e+00	2.444144e+00	6.741544e-01	1.024883e+00	
1  0.274783	2.256804e+00	1.049038e-01	1.032493e+00	2.399132e+00	6.886366e-01	1.029434e+00	
1  0.350059	2.258861e+00	1.028619e-01	1.045018e+00	2.426845e+00	6.847620e-01	1.034838e+00	
1  0.360234	2.473574e+00	1.066876e-01	1.029948e+00	2.476757e+00	6.980877e-01	1.017235e+00	
1  0.330067	2.473574e+00	1.066876e-01	1.029948e+00	2.476757e+00	6.980877e-01	1.015989e+00	
1  0.417772	2.362256e+00	1.023828e-01	1.043822e+00	2.525573e+00	6.875852e-01	1.022359e+00	
1  0.950196	2.151415e+00	9.704433e-02	1.050256e+00	2.622024e+00	6.615400e-01	1.020894e+00	
1  1.02975	2.158775e+00	9.707009e-02	1.046340e+00	2.646890e+00	6.582384e-01	1.017380e+00	
1  1.45329	2.156670e+00	9.659715e-02	1.037453e+00	2.729100e+00	6.508803e-01	1.004782e+00	
1  1.56327	2.145853e+00	9.574252e-02	1.047018e+00	2.681352e+00	6.503941e-01	1.019132e+00	
2  1.5445	2.145853e+00	9.574252e-02	1.047018e+00	2.681352e+00	6.503941e-01	1.019259e+00	
2  0.622524	2.327617e+00	1.008496e-01	1.028347e+00	2.705997e+00	6.652916e-01	9.959763e-01	
1  0.206363	2.465354e+00	1.066494e-01	1.009240e+00	2.613863e+00	6.838958e-01	9.915454e-01	
1  0.509134	2.457120e+00	1.027555e-01	1.021840e+00	2.709043e+00	6.646320e-01	9.969151e-01	
1  0.511045	2.457120e+00	1.027555e-01	1.021840e+00	2.709043e+00	6.646320e-01	9.968904e-01	
1  0.226092	2.524115e+00	1.056358e-01	1.021337e+00	2.612565e+00	6.772060e-01	1.003607e+00	
2  0.240703	2.677323e+00	1.067445e-01	1.028504e+00	2.576324e+00	6.877924e-01	1.015132e+00	
1  0.223397	2.697763e+00	1.068088e-01	1.022920e+00	2.618038e+00	6.849805e-01	1.008798e+00	
2  0.160225	2.842580e+00	1.094947e-01	1.008326e+00	2.661255e+00	6.896493e-01	9.963898e-01	
2  0.167968	2.845156e+00	1.089592e-01	1.013497e+00	2.646626e+00	6.885028e-01	1.002999e+00	
1  0.157056	2.723814e+00	1.085490e-01	1.006938e+00	2.661773e+00	6.800976e-01	9.941726e-01	
1  0.139975	2.906600e+00	1.095305e-01	1.010144e+00	2.680932e+00	6.820466e-01	9.995173e-01	
1  0.11881	2.990974e+00	1.124462e-01	1.001510e+00	2.657746e+00	6.938138e-01	9.920095e-01	
1  0.129776	2.990974e+00	1.124462e-01	1.001510e+00	2.657746e+00	6.938138e-01	9.929436e-01	
1  0.108015	3.069780e+00	1.142731e-01	9.930123e-01	2.672350e+00	6.965342e-01	9.859081e-01	
1  0.0655167	3.011148e+00	1.145268e-01	9.820344e-01	2.717173e+00	6.893578e-01	9.722256e-01	
1  0.0723941	3.234306e+00	1.176798e-01	9.759152e-01	2.705502e+00	7.047520e-01	9.725314e-01	
2  0.164548	2.910318e+00	1.126668e-01	9.751742e-01	2.761560e+00	6.820728e-01	9.683709e-01	
2  0.204112	2.910318e+00	1.126668e-01	9.751742e-01	2.761560e+00	6.820728e-01	9.676181e-01	
1  0.130845	3.010577e+00	1.146386e-01	9.728893e-01	2.741871e+00	6.954271e-01	9.652986e-01	
1  0.543359	2.741012e+00	1.124931e-01	9.554314e-01	2.809432e+00	6.797489e-01	9.460301e-01	
2  0.921965	2.729182e+00	1.114043e-01	9.525986e-01	2.868534e+00	6.709347e-01	9.413178e-01	
1  0.75405	2.729182e+00	1.114043e-01	9.525986e-01	2.868534e+00	6.709347e-01	9.426444e-01	
1  1.28502	2.410765e+00	1.051939e-01	9.668512e-01	2.876046e+00	6.398997e-01	9.579453e-01	
1  1.18115	2.462695e+00	1.064116e-01	9.612344e-01	2.871027e+00	6.477997e-01	9.550531e-01	
1  0.509902	2.674296e+00	1.103976e-01	9.621972e-01	2.820428e+00	6.678097e-01	9.544375e-01	
1  1.58976	2.504065e+00	1.044520e-01	9.749294e-01	2.912658e+00	6.427476e-01	9.604105e-01	
1  1.63417	2.553934e+00	1.080742e-01	9.514486e-01	2.952026e+00	6.505208e-01	9.341703e-01	
1  1.29676	2.553934e+00	1.080742e-01	9.514486e-01	2.952026e+00	6.505208e-01	9.361573e-01	
2  1.86326	2.361561e+00	1.039840e-01	9.627001e-01	2.975732e+00	6.315443e-01	9.423011e-01	
1  1.49	2.383946e+00	1.049310e-01	9.609928e-01	2.947294e+00	6.365566e-01	9.439168e-01	
1  0.58325	2.920409e+00	1.140231e-01	9.498069e-01	2.922099e+00	6.733203e-01	9.320366e-01	
1  0.741767	2.979557e+00	1.133254e-01	9.518536e-01	2.956003e+00	6.768501e-01	9.329498e-01	
2  0.746644	2.979557e+00	1.133254e-01	9.518536e-01	2.956003e+00	6.768501e-01	9.329085e-01	
2  0.553556	2.968981e+00	1.151372e-01	9.449275e-01	2.909693e+00	6.857053e-01	9.297885e-01	
1  0.540359	3.141648e+00	1.182171e-01	9.377125e-01	2.919998e+00	6.959745e-01	9.217795e-01	
1  0.544665	3.175053e+00	1.184978e-01	9.372918e-01	2.925711e+00	6.952197e-01	9.221054e-01	
1  0.473952	3.175053e+00	1.184978e-01	9.372918e-01	2.925711e+00	6.952197e-01	9.228759e-01	
1  0.208619	3.167223e+00	1.184116e-01	9.445387e-01	2.857297e+00	7.000824e-01	9.362618e-01	
1  0.106773	3.426958e+00	1.247422e-01	9.395646e-01	2.708128e+00	7.339827e-01	9.460431e-01	
1  0.107722	3.666548e+00	1.301776e-01	9.280784e-01	2.665176e+00	7.496847e-01	9.409440e-01	
1  0.109781	3.657590e+00	1.302243e-01	9.267795e-01	2.677957e+00	7.477828e-01	9.374342e-01	
1  0.114215	3.500028e+00	1.241527e-01	9.438861e-01	2.759308e+00	7.287479e-01	9.452280e-01	
1  0.115898	3.500028e+00	1.241527e-01	9.438861e-01	2.759308e+00	7.287479e-01	9.453236e-01	
1  0.145412	3.693299e+00	1.308195e-01	9.255834e-01	2.692004e+00	7.569166e-01	9.309737e-01	
3  0.108018	3.288391e+00	1.241067e-01	9.319123e-01	2.702585e+00	7.286400e-01	9.417724e-01	
1  0.0916435	3.072677e+00	1.216881e-01	9.344650e-01	2.674410e+00	7.149538e-01	9.475029e-01	
1  0.0990276	3.072677e+00	1.216881e-01	9.344650e-01	2.674410e+00	7.149538e-01	9.471490e-01	
1  0.0639656	3.197448e+00	1.229407e-01	9.482724e-01	2.566686e+00	7.299403e-01	9.693741e-01	
1  0.063212	2.948385e+00	1.168497e-01	9.649575e-01	2.593129e+00	7.123956e-01	9.813837e-01	
1  0.0614538	2.919719e+00	1.186223e-01	9.528273e-01	2.595075e+00	7.171989e-01	9.673305e-01	
1  0.0699901	2.864514e+00	1.168185e-01	9.656661e-01	2.561310e+00	7.106896e-01	9.812903e-01	
1  0.0909576	2.971301e+00	1.187171e-01	9.636456e-01	2.552750e+00	7.164549e-01	9.795836e-01	
1  0.0926601	2.971301e+00	1.187171e-01	9.636456e-01	2.552750e+00	7.164549e-01	9.796390e-01	
1  0.0222749	2.720659e+00	1.142805e-01	9.687244e-01	2.546454e+00	6.977190e-01	9.916094e-01	
1  0.210818	2.353664e+00	1.050961e-01	9.852100e-01	2.626480e+00	6.659927e-01	1.004685e+00	
1  0.0441444	2.643090e+00	1.102130e-01	9.806410e-01	2.566253e+00	6.879984e-01	1.007382e+00	
1  0.0360213	2.874714e+00	1.138720e-01	9.786274e-01	2.550720e+00	7.033746e-01	1.004655e+00	
1  0.0195328	2.834427e+00	1.139584e-01	9.706622e-01	2.598748e+00	6.953519e-01	9.926157e-01	
1  0.0195149	2.834427e+00	1.139584e-01	9.706622e-01	2.598748e+00	6.953519e-01	9.927003e-01	
1  0.0416752	2.766738e+00	1.109825e-01	9.832760e-01	2.621524e+00	6.893086e-01	9.995440e-01	
1  0.125368	2.611095e+00	1.084853e-01	9.794054e-01	2.712575e+00	6.705450e-01	9.854889e-01	
1  0.509637	2.388972e+00	1.033928e-01	9.900668e-01	2.761950e+00	6.488706e-01	9.903438e-01	
1  0.142031	2.535003e+00	1.074138e-01	9.827931e-01	2.712945e+00	6.622297e-01	9.868031e-01	
1  0.0358131	2.810719e+00	1.138388e-01	9.689236e-01	2.666336e+00	6.894750e-01	9.764238e-01	
1  0.0367315	2.810719e+00	1.138388e-01	9.689236e-01	2.666336e+00	6.894750e-01	9.768999e-01	
1  0.0558798	2.492458e+00	1.095917e-01	9.690104e-01	2.664721e+00	6.668610e-01	9.820365e-01	
1  0.617307	2.071321e+00	1.009967e-01	9.798673e-01	2.767488e+00	6.318798e-01	9.822391e-01	
1  0.864808	2.066230e+00	1.001367e-01	9.796713e-01	2.781488e+00	6.303516e-01	9.849218e-01	
2  0.20843	2.241112e+00	1.053363e-01	9.703923e-01	2.666792e+00	6.543068e-01	9.897615e-01	
1  0.214022	2.241112e+00	1.053363e-01	9.703923e-01	2.666792e+00	6.543068e-01	9.896726e-01	
1  0.348774	2.361795e+00	1.038380e-01	9.873108e-01	2.707807e+00	6.566954e-01	9.968003e-01	
1  0.307333	2.476697e+00	1.056689e-01	9.807090e-01	2.740763e+00	6.611888e-01	9.877308e-01	
1  0.0412345	2.897369e+00	1.113964e-01	9.819464e-01	2.667409e+00	6.897456e-01	9.991017e-01	
1  0.133194	3.406308e+00	1.223698e-01	9.580285e-01	2.594847e+00	7.294129e-01	9.856561e-01	
1  0.163069	3.526287e+00	1.237376e-01	9.540675e-01	2.631719e+00	7.338389e-01	9.786970e-01	
1  0.201068	3.526287e+00	1.237376e-01	9.540675e-01	2.631719e+00	7.338389e-01	9.793996e-01	
1  0.114482	3.428660e+00	1.233844e-01	9.493594e-01	2.615284e+00	7.329766e-01	9.777115e-01	
1  0.185741	3.478662e+00	1.233771e-01	9.568257e-01	2.567269e+00	7.400415e-01	9.906144e-01	
1  0.0916977	3.660503e+00	1.293385e-01	9.393852e-01	2.498020e+00	7.570117e-01	9.837916e-01	
1  0.0475136	3.621261e+00	1.294581e-01	9.366507e-01	2.468261e+00	7.636576e-01	9.851890e-01	
1  0.0310652	3.355202e+00	1.230757e-01	9.474261e-01	2.523733e+00	7.380645e-01	9.944513e-01	
1  0.0238798	3.355202e+00	1.230757e-01	9.474261e-01	2.523733e+00	7.380645e-01	9.940304e-01	
1  0.0294729	3.213374e+00	1.177178e-01	9.637385e-01	2.581146e+00	7.248259e-01	1.002799e+00	
1  0.0343902	3.194266e+00	1.174209e-01	9.652762e-01	2.581765e+00	7.238577e-01	1.002653e+00	
2  0.0547237	3.162362e+00	1.169460e-01	9.586810e-01	2.668289e+00	7.238606e-01	9.830132e-01	
1  0.0501215	3.118767e+00	1.162891e-01	9.583895e-01	2.676499e+00	7.194953e-01	9.826124e-01	
1  0.0645233	3.118767e+00	1.162891e-01	9.583895e-01	2.676499e+00	7.194953e-01	9.813140e-01	
1  0.239874	2.949638e+00	1.091052e-01	9.856345e-01	2.716447e+00	7.001336e-01	1.003425e+00	
2  0.170592	3.041551e+00	1.096356e-01	9.934648e-01	2.702168e+00	7.077746e-01	1.007990e+00	
1  0.0954561	3.221264e+00	1.140136e-01	9.845279e-01	2.643158e+00	7.256771e-01	1.006978e+00	
1  0.142498	3.065449e+00	1.110454e-01	9.827507e-01	2.680329e+00	7.117594e-01	1.007765e+00	
1  0.0907327	3.065449e+00	1.110454e-01	9.827507e-01	2.680329e+00	7.117594e-01	1.009447e+00	
1  0.0254455	3.100468e+00	1.160416e-01	9.586800e-01	2.618058e+00	7.206390e-01	9.971648e-01	
1  0.025251	3.151578e+00	1.151857e-01	9.727641e-01	2.564734e+00	7.233896e-01	1.016965e+00	
1  0.0521944	2.993593e+00	1.128983e-01	9.667421e-01	2.641703e+00	7.000491e-01	1.006721e+00	
1  0.203913	2.957385e+00	1.089918e-01	9.828211e-01	2.704866e+00	6.874907e-01	1.014293e+00	
1  0.256729	2.964528e+00	1.075000e-01	9.978040e-01	2.661154e+00	6.838038e-01	1.033419e+00	
1  0.156771	2.964528e+00	1.075000e-01	9.978040e-01	2.661154e+00	6.838038e-01	1.035307e+00	
1  0.150584	3.141424e+00	1.079787e-01	1.003595e+00	2.687028e+00	6.883592e-01	1.040426e+00	
1  0.637607	3.682757e+00	1.174151e-01	9.969544e-01	2.626146e+00	7.282779e-01	1.033225e+00	
2  0.229645	3.425159e+00	1.125327e-01	1.006113e+00	2.673206e+00	7.088814e-01	1.033260e+00	
1  0.298399	3.328441e+00	1.113246e-01	1.014141e+00	2.645187e+00	7.114085e-01	1.035917e+00	
1  0.274057	3.328441e+00	1.113246e-01	1.014141e+00	2.645187e+00	7.114085e-01	1.035435e+00	
1  0.732318	3.503993e+00	1.156895e-01	1.005165e+00	2.624731e+00	7.292831e-01	1.024415e+00	
1  0.596293	3.521626e+00	1.138525e-01	1.011543e+00	2.674421e+00	7.230480e-01	1.026965e+00	
1  0.572375	3.641629e+00	1.178430e-01	9.884525e-01	2.741909e+00	7.233926e-01	1.000333e+00	
1  0.1129	3.365439e+00	1.149219e-01	9.811477e-01	2.766908e+00	7.051097e-01	9.944341e-01	
1  0.10247	3.094144e+00	1.096276e-01	9.877153e-01	2.771930e+00	6.903475e-01	1.005980e+00	
1  0.0700532	3.094144e+00	1.096276e-01	9.877153e-01	2.771930e+00	6.903475e-01	1.007175e+00	
1  0.0372728	3.150034e+00	1.116305e-01	9.811053e-01	2.740065e+00	6.983518e-01	1.006039e+00	
1  0.052353	3.257466e+00	1.175825e-01	9.548327e-01	2.715210e+00	7.111825e-01	9.843613e-01	
1  0.0465175	3.209454e+00	1.169941e-01	9.553207e-01	2.718829e+00	7.095874e-01	9.830970e-01	
1  0.122056	3.416274e+00	1.206309e-01	9.491877e-01	2.706605e+00	7.241417e-01	9.786279e-01	
1  0.0592419	3.249200e+00	1.161872e-01	9.588207e-01	2.754235e+00	7.141140e-01	9.816905e-01	
1  0.0532652	3.249200e+00	1.161872e-01	9.588207e-01	2.754235e+00	7.141140e-01	9.812243e-01	
1  0.0756246	3.482841e+00	1.200516e-01	9.479358e-01	2.775612e+00	7.229963e-01	9.725538e-01	
1  0.0613549	3.513770e+00	1.212629e-01	9.401364e-01	2.800465e+00	7.197973e-01	9.640399e-01	
1  0.0616034	3.426958e+00	1.187341e-01	9.448088e-01	2.840871e+00	7.131535e-01	9.638123e-01	
1  0.227933	3.154808e+00	1.143260e-01	9.479829e-01	2.890887e+00	6.985242e-01	9.585344e-01	
1  0.169049	3.170954e+00	1.124345e-01	9.637770e-01	2.881051e+00	6.974898e-01	9.719094e-01	
1  0.114378	3.170954e+00	1.124345e-01	9.637770e-01	2.881051e+00	6.974898e-01	9.732813e-01	
1  0.125999	3.132798e+00	1.136862e-01	9.554459e-01	2.883013e+00	7.006556e-01	9.613657e-01	
1  0.112104	3.433256e+00	1.194446e-01	9.433536e-01	2.846114e+00	7.262652e-01	9.558624e-01	
1  0.130391	3.396170e+00	1.212067e-01	9.330235e-01	2.811597e+00	7.349621e-01	9.484752e-01	
1  0.188786	3.101275e+00	1.164576e-01	9.350578e-01	2.862054e+00	7.132174e-01	9.456976e-01	
1  0.248506	3.181206e+00	1.164926e-01	9.349757e-01	2.903916e+00	7.139210e-01	9.429478e-01	
1  0.205665	3.181206e+00	1.164926e-01	9.349757e-01	2.903916e+00	7.139210e-01	9.438908e-01	
1  0.318779	3.158434e+00	1.188584e-01	9.181218e-01	2.891274e+00	7.204861e-01	9.307120e-01	
1  0.308071	2.798869e+00	1.140439e-01	9.248067e-01	2.856600e+00	7.018718e-01	9.408294e-01	
1  0.499065	2.642893e+00	1.110539e-01	9.298874e-01	2.915364e+00	6.858677e-01	9.349068e-01	
1  0.507984	2.710358e+00	1.116959e-01	9.315885e-01	2.934223e+00	6.871175e-01	9.315812e-01	
1  0.414308	2.841381e+00	1.148808e-01	9.258299e-01	2.920323e+00	6.990076e-01	9.236951e-01	
1  0.325845	2.841381e+00	1.148808e-01	9.258299e-01	2.920323e+00	6.990076e-01	9.250649e-01	
1  0.202308	2.910882e+00	1.170728e-01	9.303056e-01	2.823714e+00	7.229019e-01	9.321331e-01	
1  0.319495	2.719543e+00	1.164811e-01	9.135115e-01	2.848440e+00	7.120533e-01	9.188091e-01	
1  0.279146	2.423374e+00	1.072789e-01	9.467024e-01	2.870647e+00	6.896034e-01	9.460402e-01	
1  0.27419	2.432134e+00	1.068200e-01	9.531026e-01	2.876270e+00	6.892148e-01	9.470429e-01	
1  0.190493	2.650474e+00	1.111705e-01	9.475027e-01	2.848670e+00	7.029658e-01	9.425574e-01	
1  0.197006	2.650474e+00	1.111705e-01	9.475027e-01	2.848670e+00	7.029658e-01	9.421183e-01	
1  0.265412	2.533581e+00	1.113481e-01	9.364878e-01	2.878591e+00	6.943152e-01	9.271983e-01	
1  0.541476	2.405417e+00	1.096226e-01	9.304402e-01	2.953416e+00	6.775262e-01	9.145345e-01	
1  1.38588	2.415807e+00	1.077365e-01	9.302282e-01	3.068475e+00	6.669414e-01	9.035401e-01	
1  1.80611	2.573787e+00	1.091290e-01	9.267527e-01	3.111846e+00	6.714605e-01	8.985015e-01	
1  1.77682	2.498607e+00	1.069910e-01	9.339405e-01	3.101139e+00	6.621045e-01	9.095699e-01	
2  1.60477	2.498607e+00	1.069910e-01	9.339405e-01	3.101139e+00	6.621045e-01	9.105236e-01	
1  2.82097	2.249429e+00	1.017352e-01	9.421169e-01	3.155270e+00	6.453217e-01	9.118451e-01	
1  2.76758	2.164653e+00	9.908945e-02	9.562487e-01	3.128285e+00	6.456718e-01	9.246783e-01	
2  1.06835	2.372897e+00	1.034935e-01	9.562916e-01	3.031971e+00	6.699198e-01	9.311920e-01	
1  1.13303	2.372897e+00	1.034935e-01	9.562916e-01	3.031971e+00	6.699198e-01	9.307232e-01	
1  0.914627	2.435691e+00	1.073008e-01	9.367586e-01	3.018613e+00	6.811654e-01	9.155058e-01	
2  0.775592	2.437903e+00	1.084398e-01	9.313875e-01	2.995889e+00	6.821823e-01	9.145265e-01	
1  0.647369	2.526769e+00	1.129559e-01	9.145565e-01	2.949775e+00	6.976336e-01	9.030337e-01	
1  1.27483	2.175237e+00	1.040412e-01	9.306622e-01	3.032825e+00	6.623529e-01	9.161802e-01	
1  1.27083	2.175237e+00	1.040412e-01	9.306622e-01	3.032825e+00	6.623529e-01	9.162066e-01	
1  0.848576	2.329520e+00	1.073767e-01	9.271182e-01	2.992078e+00	6.783226e-01	9.144820e-01	
1  0.748997	2.434275e+00	1.071326e-01	9.378376e-01	2.986308e+00	6.839703e-01	9.235551e-01	
2  1.20032	2.182360e+00	1.023986e-01	9.465015e-01	3.024727e+00	6.688279e-01	9.241390e-01	
1  0.49282	2.475532e+00	1.074853e-01	9.444092e-01	2.942251e+00	6.919102e-01	9.319685e-01	
1  0.406379	2.475532e+00	1.074853e-01	9.444092e-01	2.942251e+00	6.919102e-01	9.332012e-01	
1  0.521138	2.468486e+00	1.047127e-01	9.583538e-01	2.952520e+00	6.836911e-01	9.482167e-01	
1  0.344347	2.471121e+00	1.075836e-01	9.428308e-01	2.920952e+00	6.889152e-01	9.387708e-01	
1  0.280983	2.456860e+00	1.066260e-01	9.515623e-01	2.884778e+00	6.960580e-01	9.485449e-01	
1  0.272067	2.563479e+00	1.093606e-01	9.464248e-01	2.896694e+00	7.033923e-01	9.360965e-01	
1  0.38483	2.521722e+00	1.102475e-01	9.300448e-01	2.918633e+00	7.042433e-01	9.245261e-01	
1  0.41447	2.521722e+00	1.102475e-01	9.300448e-01	2.918633e+00	7.042433e-01	9.240012e-01	
1  1.33352	2.451277e+00	1.085719e-01	9.178073e-01	3.054181e+00	6.882373e-01	9.032558e-01	
1  1.0533	2.315842e+00	1.049499e-01	9.342329e-01	3.015583e+00	6.768401e-01	9.237070e-01	
3  1.17405	2.401432e+00	1.041670e-01	9.454609e-01	3.030967e+00	6.785527e-01	9.304147e-01	
1  1.22667	2.401432e+00	1.041670e-01	9.454609e-01	3.030967e+00	6.785527e-01	9.300513e-01	
1  1.80473	2.293646e+00	9.974445e-02	9.674700e-01	3.044630e+00	6.646790e-01	9.450593e-01	
1  2.40661	2.241358e+00	9.688960e-02	9.827954e-01	3.036492e+00	6.602020e-01	9.591029e-01	
2  2.12606	2.322143e+00	9.638668e-02	1.001024e+00	2.991758e+00	6.625208e-01	9.761378e-01	
2  0.777869	2.517512e+00	1.006952e-01	9.932897e-01	2.905058e+00	6.793371e-01	9.841678e-01	
1  1.01586	2.351278e+00	9.893805e-02	9.901471e-01	2.901673e+00	6.717789e-01	9.838305e-01	
2  0.413904	2.439240e+00	1.016004e-01	9.890189e-01	2.844332e+00	6.824811e-01	9.851863e-01	
1  0.228598	2.551548e+00	1.058375e-01	9.842782e-01	2.750730e+00	7.059813e-01	9.840145e-01	
1  0.366321	2.648887e+00	1.076814e-01	9.860823e-01	2.727324e+00	7.162702e-01	9.829551e-01	
1  0.377117	2.648887e+00	1.076814e-01	9.860823e-01	2.727324e+00	7.162702e-01	9.831879e-01	
1  0.405301	2.683850e+00	1.088607e-01	9.835738e-01	2.709558e+00	7.160361e-01	9.835600e-01	
1  0.458036	2.539157e+00	1.089691e-01	9.778885e-01	2.666797e+00	7.166819e-01	9.801589e-01	
1  0.207777	2.075598e+00	1.019792e-01	9.700243e-01	2.759901e+00	6.883366e-01	9.704397e-01	
1  0.171336	2.210047e+00	1.051305e-01	9.541087e-01	2.756443e+00	6.977210e-01	9.643146e-01	
1  0.124887	2.122875e+00	1.035904e-01	9.586199e-01	2.714232e+00	6.908541e-01	9.778062e-01	
1  0.13956	2.122875e+00	1.035904e-01	9.586199e-01	2.714232e+00	6.908541e-01	9.768132e-01	
2  0.324547	2.005891e+00	9.991430e-02	9.646158e-01	2.758579e+00	6.809515e-01	9.813612e-01	
1  0.270344	2.122128e+00	1.022504e-01	9.553523e-01	2.764976e+00	6.833522e-01	9.768890e-01	
1  0.591468	1.623659e+00	9.529032e-02	9.540462e-01	2.833301e+00	6.497153e-01	9.692330e-01	
1  0.615052	1.695831e+00	9.647625e-02	9.505800e-01	2.852384e+00	6.532951e-01	9.632515e-01	
1  0.755892	1.695831e+00	9.647625e-02	9.505800e-01	2.852384e+00	6.532951e-01	9.619336e-01	
1  0.193348	1.855318e+00	1.025046e-01	9.387663e-01	2.749665e+00	6.766533e-01	9.571355e-01	
1  0.545943	1.875339e+00	1.006091e-01	9.381415e-01	2.845118e+00	6.649623e-01	9.525869e-01	
1  0.249909	1.852511e+00	1.020564e-01	9.390308e-01	2.775322e+00	6.783408e-01	9.530407e-01	
1  0.190278	2.111761e+00	1.054093e-01	9.449909e-01	2.752888e+00	6.913249e-01	9.554379e-01	
1  0.171565	2.313590e+00	1.082862e-01	9.439105e-01	2.735555e+00	7.045758e-01	9.561078e-01	
1  0.167527	2.313590e+00	1.082862e-01	9.439105e-01	2.735555e+00	7.045758e-01	9.563647e-01	
1  0.258423	2.462223e+00	1.083201e-01	9.468644e-01	2.821644e+00	7.026484e-01	9.494513e-01	
1  0.193728	2.848561e+00	1.120451e-01	9.594875e-01	2.751740e+00	7.289040e-01	9.681683e-01	
1  0.192456	2.606870e+00	1.103247e-01	9.535966e-01	2.751452e+00	7.199899e-01	9.602598e-01	
1  0.173496	2.351714e+00	1.046448e-01	9.740447e-01	2.712876e+00	7.000600e-01	9.846214e-01	
1  0.360313	1.842606e+00	9.850448e-02	9.623646e-01	2.759265e+00	6.714768e-01	9.770477e-01	
1  0.389273	1.842606e+00	9.850448e-02	9.623646e-01	2.759265e+00	6.714768e-01	9.766408e-01	
1  0.30306	1.921503e+00	1.008117e-01	9.535142e-01	2.767448e+00	6.779631e-01	9.667313e-01	
2  0.333863	1.959406e+00	1.008940e-01	9.551837e-01	2.771100e+00	6.806097e-01	9.678180e-01	
1  0.449213	1.740109e+00	9.713134e-02	9.622156e-01	2.783332e+00	6.657566e-01	9.717318e-01	
1  0.279593	1.858519e+00	1.002967e-01	9.536626e-01	2.753603e+00	6.812579e-01	9.664149e-01	
1  0.236452	1.858519e+00	1.002967e-01	9.536626e-01	2.753603e+00	6.812579e-01	9.673604e-01	
1  0.186686	1.738210e+00	9.884320e-02	9.582228e-01	2.725594e+00	6.742362e-01	9.732805e-01	
1  0.286738	1.542339e+00	9.557901e-02	9.581006e-01	2.784550e+00	6.558985e-01	9.674466e-01	
1  0.505361	1.406764e+00	9.221395e-02	9.675459e-01	2.814679e+00	6.485829e-01	9.696012e-01	
1  0.686923	1.362554e+00	9.115088e-02	9.676247e-01	2.849380e+00	6.375227e-01	9.673171e-01	
1  1.93159	1.073916e+00	8.501899e-02	9.727288e-01	2.940308e+00	6.102569e-01	9.657343e-01	
2  2.0339	1.073916e+00	8.501899e-02	9.727288e-01	2.940308e+00	6.102569e-01	9.651891e-01	
1  1.62478	8.268162e-01	8.183787e-02	9.755981e-01	2.911208e+00	5.976528e-01	9.730065e-01	
2  2.36531	7.796572e-01	7.990547e-02	9.864713e-01	2.914825e+00	5.918966e-01	9.796814e-01	
1  2.10521	9.792155e-01	8.313980e-02	9.827861e-01	2.917980e+00	6.056961e-01	9.729992e-01	
2  2.15368	9.792155e-01	8.313980e-02	9.827861e-01	2.917980e+00	6.056961e-01	9.727473e-01	
2  2.64638	7.336237e-01	7.933920e-02	9.833467e-01	2.967731e+00	5.874954e-01	9.677419e-01	
2  2.1232	7.330520e-01	8.009854e-02	9.804099e-01	2.972104e+00	5.866675e-01	9.622312e-01	
1  2.23475	7.330520e-01	8.009854e-02	9.804099e-01	2.972104e+00	5.866675e-01	9.616615e-01	
# After 796 accepted steps: update proposal 
