1  0.00464286	2.198028e+00	1.099220e-01	9.774029e-01	2.407767e+00	6.688917e-01	1.010890e+00	
1  0.0194734	2.207188e+00	1.094673e-01	9.877571e-01	2.362494e+00	6.718405e-01	1.022512e+00	
1  0.0582219	1.878812e+00	1.030558e-01	9.977751e-01	2.398211e+00	6.489928e-01	1.029943e+00	
1  0.0586803	1.883969e+00	1.037641e-01	1.002349e+00	2.351840e+00	6.496378e-01	1.035459e+00	
1  0.318571	1.899268e+00	1.002032e-01	1.031608e+00	2.315170e+00	6.499568e-01	1.063109e+00	
1  0.35909	1.899268e+00	1.002032e-01	1.031608e+00	2.315170e+00	6.499568e-01	1.062379e+00	
1  0.459789	1.876622e+00	9.937821e-02	1.038866e+00	2.296711e+00	6.483386e-01	1.068965e+00	
1  1.01614	1.826535e+00	9.650540e-02	1.059340e+00	2.265028e+00	6.424080e-01	1.088184e+00	
1  0.68459	1.866603e+00	9.888615e-02	1.053302e+00	2.222766e+00	6.527945e-01	1.084419e+00	
1  0.809203	1.760274e+00	9.642272e-02	1.058132e+00	2.269761e+00	6.359512e-01	1.083089e+00	
1  0.952526	1.619684e+00	9.478154e-02	1.058530e+00	2.263448e+00	6.267444e-01	1.084726e+00	
2  0.976485	1.619684e+00	9.478154e-02	1.058530e+00	2.263448e+00	6.267444e-01	1.084494e+00	
1  0.951488	1.808888e+00	9.758338e-02	1.065265e+00	2.192487e+00	6.442097e-01	1.094285e+00	
1  0.677812	1.990357e+00	1.008610e-01	1.068393e+00	2.153200e+00	6.538088e-01	1.095334e+00	
1  0.658371	2.037469e+00	1.026070e-01	1.065449e+00	2.112160e+00	6.617952e-01	1.096367e+00	
1  0.957921	1.969177e+00	1.003217e-01	1.071766e+00	2.126043e+00	6.504626e-01	1.103880e+00	
1  0.938207	1.969177e+00	1.003217e-01	1.071766e+00	2.126043e+00	6.504626e-01	1.104094e+00	
2  0.462421	2.190057e+00	1.054891e-01	1.054724e+00	2.126505e+00	6.644944e-01	1.090254e+00	
1  0.295812	2.209515e+00	1.071787e-01	1.042081e+00	2.146053e+00	6.687405e-01	1.077643e+00	
1  0.464226	2.150834e+00	1.052114e-01	1.054776e+00	2.120416e+00	6.655890e-01	1.089410e+00	
1  0.333827	2.204110e+00	1.061877e-01	1.053804e+00	2.137857e+00	6.667964e-01	1.083382e+00	
2  0.334003	2.204110e+00	1.061877e-01	1.053804e+00	2.137857e+00	6.667964e-01	1.083377e+00	
1  0.494568	2.294997e+00	1.064565e-01	1.062995e+00	2.097750e+00	6.702684e-01	1.097071e+00	
1  0.490545	2.254461e+00	1.076206e-01	1.055409e+00	2.071650e+00	6.713247e-01	1.093014e+00	
1  0.241715	2.455233e+00	1.118262e-01	1.046520e+00	2.098794e+00	6.786916e-01	1.076913e+00	
1  0.193522	2.602669e+00	1.153652e-01	1.035216e+00	2.092111e+00	6.862551e-01	1.069308e+00	
1  0.194201	2.602669e+00	1.153652e-01	1.035216e+00	2.092111e+00	6.862551e-01	1.069877e+00	
1  0.264612	2.958134e+00	1.227658e-01	1.031368e+00	1.975790e+00	7.180881e-01	1.073805e+00	
1  0.176979	3.155736e+00	1.270793e-01	1.020710e+00	1.985577e+00	7.314545e-01	1.059681e+00	
1  0.246886	3.193981e+00	1.261041e-01	1.036095e+00	1.947343e+00	7.351527e-01	1.074549e+00	
1  0.303915	2.937523e+00	1.194388e-01	1.052360e+00	1.992844e+00	7.121114e-01	1.086937e+00	
1  0.282943	3.004747e+00	1.211086e-01	1.047119e+00	1.995365e+00	7.170080e-01	1.081252e+00	
1  0.281202	3.004747e+00	1.211086e-01	1.047119e+00	1.995365e+00	7.170080e-01	1.081113e+00	
1  0.376222	2.731321e+00	1.145722e-01	1.057711e+00	2.092193e+00	6.881311e-01	1.081376e+00	
1  0.396175	2.565728e+00	1.097368e-01	1.070288e+00	2.132083e+00	6.761212e-01	1.089082e+00	
1  0.344442	2.395593e+00	1.081251e-01	1.068382e+00	2.121468e+00	6.699880e-01	1.088312e+00	
1  0.302814	2.138251e+00	1.049384e-01	1.060778e+00	2.160028e+00	6.551301e-01	1.081914e+00	
1  0.362793	2.157370e+00	1.046504e-01	1.062710e+00	2.148324e+00	6.562445e-01	1.087987e+00	
1  0.391111	2.157370e+00	1.046504e-01	1.062710e+00	2.148324e+00	6.562445e-01	1.087108e+00	
1  0.225945	2.294604e+00	1.081307e-01	1.046775e+00	2.174478e+00	6.623588e-01	1.072443e+00	
1  0.333713	2.326428e+00	1.077801e-01	1.057150e+00	2.125338e+00	6.670779e-01	1.086076e+00	
1  0.353517	2.154222e+00	1.059611e-01	1.051623e+00	2.146284e+00	6.524186e-01	1.082309e+00	
2  0.428565	2.163606e+00	1.058459e-01	1.054336e+00	2.127119e+00	6.552652e-01	1.087254e+00	
1  0.416768	2.163606e+00	1.058459e-01	1.054336e+00	2.127119e+00	6.552652e-01	1.087504e+00	
1  0.238774	2.240915e+00	1.087868e-01	1.042893e+00	2.130660e+00	6.662510e-01	1.073442e+00	
1  0.193676	2.332207e+00	1.106538e-01	1.037584e+00	2.135047e+00	6.738929e-01	1.067531e+00	
1  0.152931	2.408804e+00	1.150956e-01	1.020113e+00	2.090003e+00	6.887147e-01	1.055426e+00	
1  0.11667	2.251550e+00	1.133857e-01	1.016594e+00	2.116849e+00	6.800511e-01	1.048515e+00	
1  0.124563	2.091046e+00	1.123425e-01	1.012269e+00	2.101471e+00	6.756842e-01	1.046019e+00	
1  0.145191	2.091046e+00	1.123425e-01	1.012269e+00	2.101471e+00	6.756842e-01	1.045220e+00	
1  0.15344	2.250964e+00	1.127557e-01	1.024843e+00	2.102752e+00	6.796560e-01	1.053400e+00	
1  0.103003	2.337199e+00	1.146263e-01	1.017641e+00	2.141914e+00	6.822052e-01	1.040302e+00	
1  0.0837853	2.340670e+00	1.166748e-01	1.010369e+00	2.110506e+00	6.927962e-01	1.032749e+00	
1  0.101871	2.329767e+00	1.164874e-01	1.007864e+00	2.156860e+00	6.930325e-01	1.022001e+00	
1  0.0615623	2.402034e+00	1.195942e-01	1.000095e+00	2.104860e+00	7.055276e-01	1.018637e+00	
1  0.0604056	2.402034e+00	1.195942e-01	1.000095e+00	2.104860e+00	7.055276e-01	1.018868e+00	
1  0.161019	2.469578e+00	1.222497e-01	9.959462e-01	2.044343e+00	7.122671e-01	1.021072e+00	
1  0.409999	2.633158e+00	1.266623e-01	9.793370e-01	2.037348e+00	7.213547e-01	1.010025e+00	
1  0.601287	2.291027e+00	1.232817e-01	9.777085e-01	2.010943e+00	7.031912e-01	1.011857e+00	
2  0.661979	2.288294e+00	1.230116e-01	9.797582e-01	1.999442e+00	7.037403e-01	1.015639e+00	
1  0.601535	2.288294e+00	1.230116e-01	9.797582e-01	1.999442e+00	7.037403e-01	1.016228e+00	
2  1.00797	2.361905e+00	1.254073e-01	9.696060e-01	1.989111e+00	7.093894e-01	1.010434e+00	
1  0.846334	2.408507e+00	1.259099e-01	9.646911e-01	2.022303e+00	7.093095e-01	1.004745e+00	
1  1.69794	2.579099e+00	1.285110e-01	9.700502e-01	1.942969e+00	7.282955e-01	1.016129e+00	
1  1.10521	2.358560e+00	1.245611e-01	9.747077e-01	1.968054e+00	7.129927e-01	1.018880e+00	
1  1.2452	2.358560e+00	1.245611e-01	9.747077e-01	1.968054e+00	7.129927e-01	1.017880e+00	
2  1.86487	2.574984e+00	1.275474e-01	9.823502e-01	1.908072e+00	7.327878e-01	1.025403e+00	
1  2.99853	2.735745e+00	1.320785e-01	9.663399e-01	1.896670e+00	7.515120e-01	1.011231e+00	
1  2.74351	2.569038e+00	1.301219e-01	9.641095e-01	1.908690e+00	7.459117e-01	1.007547e+00	
1  1.95586	2.349510e+00	1.265911e-01	9.673521e-01	1.929350e+00	7.338322e-01	1.007940e+00	
1  2.06818	2.349510e+00	1.265911e-01	9.673521e-01	1.929350e+00	7.338322e-01	1.007337e+00	
1  2.07783	2.217751e+00	1.245263e-01	9.749755e-01	1.902580e+00	7.274773e-01	1.015063e+00	
2  3.25486	2.232055e+00	1.256208e-01	9.736816e-01	1.853473e+00	7.365853e-01	1.018620e+00	
1  2.01604	2.105013e+00	1.231223e-01	9.704796e-01	1.909832e+00	7.285861e-01	1.012790e+00	
1  0.75968	1.795714e+00	1.169307e-01	9.830254e-01	1.950347e+00	7.036106e-01	1.019275e+00	
1  0.774258	1.795714e+00	1.169307e-01	9.830254e-01	1.950347e+00	7.036106e-01	1.019146e+00	
1  0.6007	1.861386e+00	1.181548e-01	9.752723e-01	1.989627e+00	7.068153e-01	1.008537e+00	
1  0.520936	1.824933e+00	1.177039e-01	9.755842e-01	1.995922e+00	7.011913e-01	1.008065e+00	
1  0.170574	1.625778e+00	1.138907e-01	9.793796e-01	2.029930e+00	6.893053e-01	1.009010e+00	
1  0.207266	1.598410e+00	1.149786e-01	9.664162e-01	2.043409e+00	6.872226e-01	9.994598e-01	
1  0.125714	1.398152e+00	1.118746e-01	9.749260e-01	2.012275e+00	6.807974e-01	1.008496e+00	
1  0.159567	1.398152e+00	1.118746e-01	9.749260e-01	2.012275e+00	6.807974e-01	1.007803e+00	
1  0.121438	1.040098e+00	1.055976e-01	9.828090e-01	2.067774e+00	6.567763e-01	1.007229e+00	
1  0.0564596	1.192897e+00	1.075781e-01	9.785555e-01	2.095538e+00	6.608744e-01	1.001699e+00	
1  0.0642749	1.244813e+00	1.075535e-01	9.823548e-01	2.102145e+00	6.639767e-01	1.003480e+00	
2  0.15677	1.164178e+00	1.074584e-01	9.710175e-01	2.149321e+00	6.573726e-01	9.893964e-01	
1  0.147865	1.164178e+00	1.074584e-01	9.710175e-01	2.149321e+00	6.573726e-01	9.892266e-01	
1  0.387764	1.021541e+00	1.039495e-01	9.752655e-01	2.192760e+00	6.415814e-01	9.924585e-01	
1  0.493368	9.640181e-01	1.021438e-01	9.818678e-01	2.194554e+00	6.378312e-01	9.982830e-01	
1  0.326103	9.932442e-01	1.005584e-01	9.959482e-01	2.171772e+00	6.368573e-01	1.014543e+00	
1  0.286502	9.688417e-01	1.004743e-01	1.000726e+00	2.120349e+00	6.450017e-01	1.021685e+00	
1  0.286696	1.036891e+00	1.021753e-01	1.000653e+00	2.108995e+00	6.516576e-01	1.017273e+00	
1  0.352439	1.036891e+00	1.021753e-01	1.000653e+00	2.108995e+00	6.516576e-01	1.018256e+00	
1  0.0625696	1.286731e+00	1.082082e-01	9.948985e-01	2.014045e+00	6.750752e-01	1.018932e+00	
1  0.0437948	1.294410e+00	1.086591e-01	9.887615e-01	2.038110e+00	6.731885e-01	1.012820e+00	
1  0.169684	1.194206e+00	1.066344e-01	9.839043e-01	2.118153e+00	6.591018e-01	1.002706e+00	
1  0.333272	1.000073e+00	1.031547e-01	9.896657e-01	2.111285e+00	6.480108e-01	1.011212e+00	
2  0.369283	1.036010e+00	1.034040e-01	9.883782e-01	2.135806e+00	6.481612e-01	1.007281e+00	
1  0.569315	9.922251e-01	1.023884e-01	9.893031e-01	2.167682e+00	6.423995e-01	1.003556e+00	
1  0.372314	1.000536e+00	1.037787e-01	9.872900e-01	2.118139e+00	6.454163e-01	1.006526e+00	
2  0.621849	9.482083e-01	1.028154e-01	9.776603e-01	2.197029e+00	6.334207e-01	9.947602e-01	
1  0.660119	1.012338e+00	1.031717e-01	9.795662e-01	2.223316e+00	6.371830e-01	9.904664e-01	
1  0.530271	1.012338e+00	1.031717e-01	9.795662e-01	2.223316e+00	6.371830e-01	9.892613e-01	
2  0.479514	1.041624e+00	1.021443e-01	9.895759e-01	2.219955e+00	6.360690e-01	9.978761e-01	
1  0.512327	1.156595e+00	1.027721e-01	9.932502e-01	2.256891e+00	6.425116e-01	9.928340e-01	
1  0.419757	1.216480e+00	1.056960e-01	9.720142e-01	2.309529e+00	6.426680e-01	9.709541e-01	
1  0.291724	1.347221e+00	1.062232e-01	9.816289e-01	2.284145e+00	6.502862e-01	9.818007e-01	
1  0.330438	1.347221e+00	1.062232e-01	9.816289e-01	2.284145e+00	6.502862e-01	9.823202e-01	
1  0.283603	1.497038e+00	1.081921e-01	9.762355e-01	2.327334e+00	6.588187e-01	9.716902e-01	
1  0.684797	1.146360e+00	1.050655e-01	9.702387e-01	2.328162e+00	6.426994e-01	9.646501e-01	
1  0.778731	1.071705e+00	1.051877e-01	9.631723e-01	2.331226e+00	6.387783e-01	9.586188e-01	
1  0.717357	1.119785e+00	1.054632e-01	9.615301e-01	2.360422e+00	6.403403e-01	9.542515e-01	
1  0.307718	1.318296e+00	1.094562e-01	9.528709e-01	2.328640e+00	6.568512e-01	9.514402e-01	
1  0.335576	1.318296e+00	1.094562e-01	9.528709e-01	2.328640e+00	6.568512e-01	9.518053e-01	
1  0.241852	1.347505e+00	1.095070e-01	9.559331e-01	2.295586e+00	6.586015e-01	9.613106e-01	
1  0.234688	1.280948e+00	1.082740e-01	9.614086e-01	2.257073e+00	6.539913e-01	9.728052e-01	
2  0.328442	1.244302e+00	1.061853e-01	9.683377e-01	2.281606e+00	6.477605e-01	9.777522e-01	
1  0.699578	9.663678e-01	1.013289e-01	9.769175e-01	2.268114e+00	6.326544e-01	9.896125e-01	
1  0.83008	9.663678e-01	1.013289e-01	9.769175e-01	2.268114e+00	6.326544e-01	9.906731e-01	
1  1.75772	7.114879e-01	9.639049e-02	9.865540e-01	2.314897e+00	6.135183e-01	9.912396e-01	
1  2.32343	6.764425e-01	9.708649e-02	9.829751e-01	2.332720e+00	6.120009e-01	9.796594e-01	
1  2.24687	6.959355e-01	1.000513e-01	9.686497e-01	2.296721e+00	6.194233e-01	9.713614e-01	
1  1.14032	9.271828e-01	1.045908e-01	9.563446e-01	2.301165e+00	6.304643e-01	9.616040e-01	
1  1.15993	9.089354e-01	1.051214e-01	9.574414e-01	2.265725e+00	6.340923e-01	9.633875e-01	
1  1.17978	9.089354e-01	1.051214e-01	9.574414e-01	2.265725e+00	6.340923e-01	9.635131e-01	
1  1.36012	8.379543e-01	1.034507e-01	9.611959e-01	2.263559e+00	6.260036e-01	9.701362e-01	
1  0.821913	1.008096e+00	1.057918e-01	9.628959e-01	2.244496e+00	6.376618e-01	9.714997e-01	
1  0.370397	1.169316e+00	1.079938e-01	9.649769e-01	2.209495e+00	6.446532e-01	9.782524e-01	
1  0.0104937	1.391784e+00	1.127605e-01	9.653401e-01	2.103804e+00	6.695847e-01	9.856673e-01	
1  0.0181271	1.502099e+00	1.145874e-01	9.632972e-01	2.081990e+00	6.779829e-01	9.873859e-01	
1  0.025592	1.502099e+00	1.145874e-01	9.632972e-01	2.081990e+00	6.779829e-01	9.870112e-01	
1  0.0612065	1.417479e+00	1.115554e-01	9.616040e-01	2.192517e+00	6.595999e-01	9.784545e-01	
1  0.0194458	1.528859e+00	1.131126e-01	9.611976e-01	2.192647e+00	6.620780e-01	9.780089e-01	
1  0.232528	1.330436e+00	1.089134e-01	9.652061e-01	2.258094e+00	6.453489e-01	9.753072e-01	
1  0.0277088	1.629680e+00	1.141557e-01	9.605163e-01	2.217858e+00	6.704973e-01	9.721687e-01	
1  0.0147591	1.878826e+00	1.163337e-01	9.755704e-01	2.162416e+00	6.866652e-01	9.866259e-01	
1  0.0212361	1.878826e+00	1.163337e-01	9.755704e-01	2.162416e+00	6.866652e-01	9.874784e-01	
1  0.220235	1.666036e+00	1.116931e-01	9.785762e-01	2.264394e+00	6.620177e-01	9.799901e-01	
1  0.206859	1.484501e+00	1.092195e-01	9.791908e-01	2.231136e+00	6.535544e-01	9.899123e-01	
1  0.085311	1.716914e+00	1.131541e-01	9.770045e-01	2.207800e+00	6.699225e-01	9.869919e-01	
1  0.0324065	1.782931e+00	1.147491e-01	9.758751e-01	2.176554e+00	6.767051e-01	9.884161e-01	
1  0.150528	1.613165e+00	1.116816e-01	9.739253e-01	2.239688e+00	6.627197e-01	9.820282e-01	
1  0.235451	1.613165e+00	1.116816e-01	9.739253e-01	2.239688e+00	6.627197e-01	9.834302e-01	
1  0.264395	1.655425e+00	1.113653e-01	9.768558e-01	2.263038e+00	6.601983e-01	9.840714e-01	
1  0.14561	1.844105e+00	1.136541e-01	9.842525e-01	2.200361e+00	6.764028e-01	9.956102e-01	
1  0.240031	1.729915e+00	1.123123e-01	9.787228e-01	2.250182e+00	6.671075e-01	9.854843e-01	
1  0.359079	1.514754e+00	1.064970e-01	1.001279e+00	2.221576e+00	6.503342e-01	1.010845e+00	
1  0.365765	1.353113e+00	1.039881e-01	1.011225e+00	2.167506e+00	6.457994e-01	1.024325e+00	
1  0.352321	1.353113e+00	1.039881e-01	1.011225e+00	2.167506e+00	6.457994e-01	1.024141e+00	
1  0.183313	1.540353e+00	1.062801e-01	1.021498e+00	2.088383e+00	6.613816e-01	1.038972e+00	
1  0.147446	1.585359e+00	1.086861e-01	1.021440e+00	1.992440e+00	6.726896e-01	1.046965e+00	
1  0.406324	1.415329e+00	1.032795e-01	1.045816e+00	1.947862e+00	6.599037e-01	1.076285e+00	
1  0.343901	1.484175e+00	1.030654e-01	1.045809e+00	1.989145e+00	6.574450e-01	1.075272e+00	
1  0.322324	1.459433e+00	1.029244e-01	1.046678e+00	1.986196e+00	6.591021e-01	1.073726e+00	
1  0.318919	1.459433e+00	1.029244e-01	1.046678e+00	1.986196e+00	6.591021e-01	1.073831e+00	
1  0.27915	1.171741e+00	9.693265e-02	1.054150e+00	2.057673e+00	6.341785e-01	1.074810e+00	
1  0.326142	1.130979e+00	9.559809e-02	1.060399e+00	2.055106e+00	6.283999e-01	1.080773e+00	
1  0.443408	1.097675e+00	9.382689e-02	1.067578e+00	2.056565e+00	6.251324e-01	1.088605e+00	
1  0.273403	1.138591e+00	9.638234e-02	1.054488e+00	2.081194e+00	6.284655e-01	1.071083e+00	
1  0.43562	6.853423e-01	8.905933e-02	1.057170e+00	2.161834e+00	5.942905e-01	1.066569e+00	
1  0.449059	6.853423e-01	8.905933e-02	1.057170e+00	2.161834e+00	5.942905e-01	1.066811e+00	
4  0.400512	5.039251e-01	8.414581e-02	1.073137e+00	2.158381e+00	5.839314e-01	1.082842e+00	
1  0.512515	7.761755e-01	8.575302e-02	1.083836e+00	2.189883e+00	5.927524e-01	1.085451e+00	
1  0.539202	7.761755e-01	8.575302e-02	1.083836e+00	2.189883e+00	5.927524e-01	1.084738e+00	
1  0.452633	9.166531e-01	8.791665e-02	1.077660e+00	2.211015e+00	5.996450e-01	1.078018e+00	
1  0.543703	1.025802e+00	8.922382e-02	1.080813e+00	2.182939e+00	6.064009e-01	1.083885e+00	
1  0.502418	1.258154e+00	9.292172e-02	1.079036e+00	2.151857e+00	6.264499e-01	1.083381e+00	
1  0.617023	1.042000e+00	8.820041e-02	1.081970e+00	2.229433e+00	6.094049e-01	1.079991e+00	
1  1.2063	8.611436e-01	8.328832e-02	1.090122e+00	2.298153e+00	5.898795e-01	1.083024e+00	
3  1.21024	8.611436e-01	8.328832e-02	1.090122e+00	2.298153e+00	5.898795e-01	1.082986e+00	
1  2.74746	8.461560e-01	8.111134e-02	1.099642e+00	2.277914e+00	5.869766e-01	1.100276e+00	
1  1.26653	1.047507e+00	8.698905e-02	1.084884e+00	2.200403e+00	6.099857e-01	1.095516e+00	
1  1.12623	1.204361e+00	9.031929e-02	1.082041e+00	2.133980e+00	6.305688e-01	1.098949e+00	
1  0.960982	1.204361e+00	9.031929e-02	1.082041e+00	2.133980e+00	6.305688e-01	1.100721e+00	
1  0.928387	1.158516e+00	8.948048e-02	1.081626e+00	2.154563e+00	6.262469e-01	1.098314e+00	
1  0.758783	1.148899e+00	9.014777e-02	1.078097e+00	2.142428e+00	6.321651e-01	1.094829e+00	
1  0.445384	1.330288e+00	9.384274e-02	1.065691e+00	2.162767e+00	6.416962e-01	1.082529e+00	
1  0.349943	1.285158e+00	9.354680e-02	1.062711e+00	2.199511e+00	6.327187e-01	1.074386e+00	
1  0.493988	1.064131e+00	8.930601e-02	1.075442e+00	2.201091e+00	6.176551e-01	1.082611e+00	
2  0.564088	1.064131e+00	8.930601e-02	1.075442e+00	2.201091e+00	6.176551e-01	1.080949e+00	
1  0.545861	9.709684e-01	8.846446e-02	1.073827e+00	2.186563e+00	6.169716e-01	1.081787e+00	
1  0.343639	9.554563e-01	9.023695e-02	1.062688e+00	2.180862e+00	6.173382e-01	1.072053e+00	
2  0.739425	1.051717e+00	9.016592e-02	1.083751e+00	2.092851e+00	6.292724e-01	1.094695e+00	
1  0.789912	1.051717e+00	9.016592e-02	1.083751e+00	2.092851e+00	6.292724e-01	1.093909e+00	
1  0.611042	1.038980e+00	9.285959e-02	1.074485e+00	2.018183e+00	6.421192e-01	1.090828e+00	
1  0.475911	7.060189e-01	8.709662e-02	1.075268e+00	2.105830e+00	6.158397e-01	1.083845e+00	
2  0.451959	6.828742e-01	8.639436e-02	1.073156e+00	2.127013e+00	6.089461e-01	1.083919e+00	
1  0.365413	8.494874e-01	9.079849e-02	1.062955e+00	2.081772e+00	6.234605e-01	1.079310e+00	
1  0.369689	8.494874e-01	9.079849e-02	1.062955e+00	2.081772e+00	6.234605e-01	1.078914e+00	
1  0.491661	5.971716e-01	8.475816e-02	1.079515e+00	2.132026e+00	5.991798e-01	1.086307e+00	
1  0.596325	9.219950e-01	8.918023e-02	1.078832e+00	2.107604e+00	6.236201e-01	1.086757e+00	
3  1.1989	7.149159e-01	8.300033e-02	1.098454e+00	2.158193e+00	6.042647e-01	1.097321e+00	
1  1.36326	7.149159e-01	8.300033e-02	1.098454e+00	2.158193e+00	6.042647e-01	1.095685e+00	
1  1.52116	5.418837e-01	7.937114e-02	1.101047e+00	2.214090e+00	5.950524e-01	1.092037e+00	
1  1.05611	9.295971e-01	8.575893e-02	1.091160e+00	2.214771e+00	6.159936e-01	1.082262e+00	
1  1.09902	8.449651e-01	8.457223e-02	1.097188e+00	2.201072e+00	6.115822e-01	1.085099e+00	
1  0.500892	1.360205e+00	9.439224e-02	1.075153e+00	2.192058e+00	6.457825e-01	1.065732e+00	
1  0.453037	1.517922e+00	9.723395e-02	1.069805e+00	2.176361e+00	6.565895e-01	1.063723e+00	
1  0.452145	1.517922e+00	9.723395e-02	1.069805e+00	2.176361e+00	6.565895e-01	1.065559e+00	
1  0.517446	1.489693e+00	9.518420e-02	1.081029e+00	2.184196e+00	6.475688e-01	1.074847e+00	
1  0.585691	1.772679e+00	1.003397e-01	1.085295e+00	2.071351e+00	6.785236e-01	1.084491e+00	
1  0.58213	1.804179e+00	1.009836e-01	1.084772e+00	2.068307e+00	6.814649e-01	1.083117e+00	
1  0.577731	1.689202e+00	9.808684e-02	1.086330e+00	2.142877e+00	6.658098e-01	1.077710e+00	
1  0.542266	1.803802e+00	1.009336e-01	1.078706e+00	2.135959e+00	6.718603e-01	1.071140e+00	
1  0.590122	1.803802e+00	1.009336e-01	1.078706e+00	2.135959e+00	6.718603e-01	1.072803e+00	
1  0.579656	1.542775e+00	9.578265e-02	1.089805e+00	2.149215e+00	6.535940e-01	1.082002e+00	
1  0.559482	1.425127e+00	9.495060e-02	1.087937e+00	2.129912e+00	6.486109e-01	1.082828e+00	
1  0.614597	1.413635e+00	9.379850e-02	1.092365e+00	2.143605e+00	6.471141e-01	1.085646e+00	
1  0.603438	1.266128e+00	9.279501e-02	1.092028e+00	2.113450e+00	6.403151e-01	1.087458e+00	
1  0.644761	1.165234e+00	9.120187e-02	1.094855e+00	2.111895e+00	6.345673e-01	1.089864e+00	
2  0.64807	1.165234e+00	9.120187e-02	1.094855e+00	2.111895e+00	6.345673e-01	1.089735e+00	
1  0.84076	9.757740e-01	8.740304e-02	1.099058e+00	2.130619e+00	6.215091e-01	1.095649e+00	
1  1.08916	9.834223e-01	8.701354e-02	1.107035e+00	2.103004e+00	6.203123e-01	1.104167e+00	
1  0.804469	1.096795e+00	8.984670e-02	1.098837e+00	2.090377e+00	6.287772e-01	1.098448e+00	
1  0.634529	7.097782e-01	8.380055e-02	1.095210e+00	2.211513e+00	5.995230e-01	1.081745e+00	
1  0.620299	7.097782e-01	8.380055e-02	1.095210e+00	2.211513e+00	5.995230e-01	1.082534e+00	
1  0.636769	7.715833e-01	8.632981e-02	1.086273e+00	2.203262e+00	6.096233e-01	1.072332e+00	
2  0.626557	8.375864e-01	8.691177e-02	1.088212e+00	2.198115e+00	6.146933e-01	1.074103e+00	
1  0.665667	9.261488e-01	8.842633e-02	1.095260e+00	2.126209e+00	6.271874e-01	1.084481e+00	
1  0.621433	1.009490e+00	9.003469e-02	1.093084e+00	2.116686e+00	6.288858e-01	1.083974e+00	
1  0.620984	1.009490e+00	9.003469e-02	1.093084e+00	2.116686e+00	6.288858e-01	1.083927e+00	
1  0.661081	7.043416e-01	8.469676e-02	1.098515e+00	2.168878e+00	6.047886e-01	1.083603e+00	
1  0.776293	5.075835e-01	8.114475e-02	1.103928e+00	2.192409e+00	5.968447e-01	1.083871e+00	
1  0.814023	6.669127e-01	8.697354e-02	1.092403e+00	2.088794e+00	6.156897e-01	1.081999e+00	
1  0.651619	9.115237e-01	9.150332e-02	1.084263e+00	2.065661e+00	6.280332e-01	1.078982e+00	
1  0.551181	1.088232e+00	9.414972e-02	1.083068e+00	2.036402e+00	6.396000e-01	1.082274e+00	
1  0.562088	1.088232e+00	9.414972e-02	1.083068e+00	2.036402e+00	6.396000e-01	1.082728e+00	
1  0.567973	1.012008e+00	8.981891e-02	1.088901e+00	2.171940e+00	6.174808e-01	1.076997e+00	
1  0.584274	9.273333e-01	8.673580e-02	1.095992e+00	2.227799e+00	6.056039e-01	1.077961e+00	
1  0.538296	9.096617e-01	8.702150e-02	1.093437e+00	2.220611e+00	6.017885e-01	1.077805e+00	
1  0.522912	8.969817e-01	8.729164e-02	1.092606e+00	2.233726e+00	5.959425e-01	1.073267e+00	
1  0.522093	8.602919e-01	8.577927e-02	1.096299e+00	2.265764e+00	5.889985e-01	1.073346e+00	
2  0.522316	8.602919e-01	8.577927e-02	1.096299e+00	2.265764e+00	5.889985e-01	1.073655e+00	
1  0.525012	6.880371e-01	8.330221e-02	1.096762e+00	2.307398e+00	5.743945e-01	1.067622e+00	
2  0.534731	6.724229e-01	8.275948e-02	1.099117e+00	2.306847e+00	5.730936e-01	1.069761e+00	
1  0.510063	6.371080e-01	8.240280e-02	1.098074e+00	2.305271e+00	5.689380e-01	1.070667e+00	
1  0.510517	6.371080e-01	8.240280e-02	1.098074e+00	2.305271e+00	5.689380e-01	1.070129e+00	
1  0.484107	8.041956e-01	8.540653e-02	1.093933e+00	2.284056e+00	5.809534e-01	1.068576e+00	
1  0.493558	7.044996e-01	8.361643e-02	1.092545e+00	2.313864e+00	5.764117e-01	1.065536e+00	
1  0.541035	6.875094e-01	8.387931e-02	1.090994e+00	2.300331e+00	5.807202e-01	1.064458e+00	
1  0.570084	7.282320e-01	8.285918e-02	1.097773e+00	2.324579e+00	5.795158e-01	1.068246e+00	
1  0.472592	5.741537e-01	8.182601e-02	1.087532e+00	2.332061e+00	5.699881e-01	1.063917e+00	
1  0.474068	5.741537e-01	8.182601e-02	1.087532e+00	2.332061e+00	5.699881e-01	1.064061e+00	
1  0.476103	5.267611e-01	8.073435e-02	1.089264e+00	2.334755e+00	5.660745e-01	1.067054e+00	
1  0.455174	5.736324e-01	8.163078e-02	1.086876e+00	2.332325e+00	5.690593e-01	1.065827e+00	
2  0.523843	6.244306e-01	8.403003e-02	1.077467e+00	2.325974e+00	5.747894e-01	1.056415e+00	
1  0.879681	7.767613e-01	8.928003e-02	1.062969e+00	2.276958e+00	5.893024e-01	1.046467e+00	
1  0.794338	7.767613e-01	8.928003e-02	1.062969e+00	2.276958e+00	5.893024e-01	1.045611e+00	
1  0.68183	8.898507e-01	9.022059e-02	1.071024e+00	2.234054e+00	6.027425e-01	1.054773e+00	
1  0.587813	7.551559e-01	8.760317e-02	1.079851e+00	2.220643e+00	5.906069e-01	1.064212e+00	
1  0.651376	7.467969e-01	8.796640e-02	1.074087e+00	2.222766e+00	5.946561e-01	1.060698e+00	
1  0.610353	7.316741e-01	8.723786e-02	1.079963e+00	2.218277e+00	5.916109e-01	1.064692e+00	
1  0.625462	9.674769e-01	9.183380e-02	1.076390e+00	2.163774e+00	6.118588e-01	1.064429e+00	
1  0.567189	9.674769e-01	9.183380e-02	1.076390e+00	2.163774e+00	6.118588e-01	1.063401e+00	
1  0.68337	7.357103e-01	8.780883e-02	1.081498e+00	2.199254e+00	5.963354e-01	1.062856e+00	
1  0.782324	7.582738e-01	8.827802e-02	1.080891e+00	2.209674e+00	5.984654e-01	1.058708e+00	
2  0.92614	5.430003e-01	8.519082e-02	1.082192e+00	2.222911e+00	5.831964e-01	1.059747e+00	
1  0.882478	6.026658e-01	8.702456e-02	1.077969e+00	2.184965e+00	5.895691e-01	1.061529e+00	
1  0.834897	6.026658e-01	8.702456e-02	1.077969e+00	2.184965e+00	5.895691e-01	1.060984e+00	
1  0.926626	5.905294e-01	8.790465e-02	1.077477e+00	2.147827e+00	5.906750e-01	1.062537e+00	
1  0.696304	8.951784e-01	9.217048e-02	1.074483e+00	2.152891e+00	6.061326e-01	1.058028e+00	
1  0.880292	8.167288e-01	9.127884e-02	1.068979e+00	2.191097e+00	6.012839e-01	1.049899e+00	
1  0.641537	7.676780e-01	8.784606e-02	1.079766e+00	2.270301e+00	5.853510e-01	1.051298e+00	
1  0.586205	7.305781e-01	8.716386e-02	1.080970e+00	2.267879e+00	5.810271e-01	1.053962e+00	
1  0.615333	7.305781e-01	8.716386e-02	1.080970e+00	2.267879e+00	5.810271e-01	1.054439e+00	
1  0.567959	8.935162e-01	8.930490e-02	1.086794e+00	2.231712e+00	5.908940e-01	1.060114e+00	
1  0.835609	6.238980e-01	8.585875e-02	1.084662e+00	2.272289e+00	5.757740e-01	1.052262e+00	
1  1.17599	6.826489e-01	8.836920e-02	1.074379e+00	2.273351e+00	5.815638e-01	1.041244e+00	
1  0.931081	7.023742e-01	8.756131e-02	1.081319e+00	2.277057e+00	5.798465e-01	1.046614e+00	
1  1.50666	6.308730e-01	8.843128e-02	1.064064e+00	2.311279e+00	5.787263e-01	1.029876e+00	
1  1.55059	6.308730e-01	8.843128e-02	1.064064e+00	2.311279e+00	5.787263e-01	1.030162e+00	
1  1.53249	6.131990e-01	8.806708e-02	1.065885e+00	2.307866e+00	5.768332e-01	1.031858e+00	
1  1.15686	7.504220e-01	8.944935e-02	1.058431e+00	2.371187e+00	5.791057e-01	1.021610e+00	
1  0.969488	8.600487e-01	9.043091e-02	1.061988e+00	2.381158e+00	5.816963e-01	1.021445e+00	
1  0.40059	7.213655e-01	8.423521e-02	1.081930e+00	2.487574e+00	5.585564e-01	1.026164e+00	
1  0.346083	6.047487e-01	8.217229e-02	1.082367e+00	2.521241e+00	5.461658e-01	1.024206e+00	
1  0.339303	6.047487e-01	8.217229e-02	1.082367e+00	2.521241e+00	5.461658e-01	1.023040e+00	
1  0.365721	6.754655e-01	8.273857e-02	1.084323e+00	2.516370e+00	5.511615e-01	1.025356e+00	
1  0.352058	5.307721e-01	8.069544e-02	1.082540e+00	2.564644e+00	5.394133e-01	1.017165e+00	
1  0.579369	6.271960e-01	8.414745e-02	1.076950e+00	2.513210e+00	5.561911e-01	1.011706e+00	
1  0.374985	6.068399e-01	8.365960e-02	1.073725e+00	2.574771e+00	5.437394e-01	1.002376e+00	
1  0.422166	5.720841e-01	8.057438e-02	1.090837e+00	2.581929e+00	5.342820e-01	1.017008e+00	
4  0.446711	5.720841e-01	8.057438e-02	1.090837e+00	2.581929e+00	5.342820e-01	1.016362e+00	
2  0.742131	5.912058e-01	7.971192e-02	1.093153e+00	2.620002e+00	5.314785e-01	1.015132e+00	
2  0.700957	5.912058e-01	7.971192e-02	1.093153e+00	2.620002e+00	5.314785e-01	1.015644e+00	
1  0.317101	8.480526e-01	8.525110e-02	1.084053e+00	2.595420e+00	5.504563e-01	1.005249e+00	
1  0.375634	8.751010e-01	8.503266e-02	1.090536e+00	2.586849e+00	5.521066e-01	1.009325e+00	
1  0.383558	1.120785e+00	8.928528e-02	1.085471e+00	2.579987e+00	5.704228e-01	1.001604e+00	
1  0.351159	1.265395e+00	9.074231e-02	1.085408e+00	2.611570e+00	5.737936e-01	9.970160e-01	
1  0.366186	1.265395e+00	9.074231e-02	1.085408e+00	2.611570e+00	5.737936e-01	9.978714e-01	
1  0.520627	1.131244e+00	8.676273e-02	1.095875e+00	2.675173e+00	5.554721e-01	9.992068e-01	
1  0.519184	1.090775e+00	8.650392e-02	1.090195e+00	2.691837e+00	5.518393e-01	9.955185e-01	
1  0.45429	1.001409e+00	8.598356e-02	1.085242e+00	2.698631e+00	5.430160e-01	9.925215e-01	
2  0.691332	1.046965e+00	8.618737e-02	1.078822e+00	2.762766e+00	5.404817e-01	9.822911e-01	
1  0.880277	1.046965e+00	8.618737e-02	1.078822e+00	2.762766e+00	5.404817e-01	9.805029e-01	
1  0.189833	1.302381e+00	9.242277e-02	1.069271e+00	2.685104e+00	5.648002e-01	9.768061e-01	
1  0.192957	1.324612e+00	9.274199e-02	1.067605e+00	2.716373e+00	5.645225e-01	9.695069e-01	
1  0.378355	1.344888e+00	9.191046e-02	1.067052e+00	2.786598e+00	5.566969e-01	9.624611e-01	
1  0.195688	1.533183e+00	9.526161e-02	1.067446e+00	2.722512e+00	5.758550e-01	9.678496e-01	
1  0.164164	1.600293e+00	9.684447e-02	1.063558e+00	2.718778e+00	5.778563e-01	9.648231e-01	
1  0.162201	1.600293e+00	9.684447e-02	1.063558e+00	2.718778e+00	5.778563e-01	9.643381e-01	
1  0.167342	1.586707e+00	9.634557e-02	1.066558e+00	2.703815e+00	5.766324e-01	9.697772e-01	
1  0.267358	1.607418e+00	9.655219e-02	1.075173e+00	2.656029e+00	5.821823e-01	9.781810e-01	
1  0.307521	1.623991e+00	9.866157e-02	1.065827e+00	2.650712e+00	5.836421e-01	9.683523e-01	
1  0.746662	1.856387e+00	1.057125e-01	1.043965e+00	2.597844e+00	6.109714e-01	9.529396e-01	
1  0.453676	1.634156e+00	1.017462e-01	1.045639e+00	2.639426e+00	5.951957e-01	9.525212e-01	
1  0.355739	1.634156e+00	1.017462e-01	1.045639e+00	2.639426e+00	5.951957e-01	9.512352e-01	
1  0.244591	1.660037e+00	1.029635e-01	1.036826e+00	2.673012e+00	5.937712e-01	9.397300e-01	
1  0.284805	1.610486e+00	1.034791e-01	1.031039e+00	2.663766e+00	5.950786e-01	9.345745e-01	
1  0.134561	1.136048e+00	9.333753e-02	1.045694e+00	2.777893e+00	5.576898e-01	9.371935e-01	
1  0.148608	1.441741e+00	9.887319e-02	1.036928e+00	2.751267e+00	5.818204e-01	9.307040e-01	
1  0.14155	1.529963e+00	1.017311e-01	1.025275e+00	2.744889e+00	5.893960e-01	9.219496e-01	
1  0.132725	1.529963e+00	1.017311e-01	1.025275e+00	2.744889e+00	5.893960e-01	9.215493e-01	
1  0.172474	1.422798e+00	1.030100e-01	1.011530e+00	2.719181e+00	5.906065e-01	9.115102e-01	
1  0.234324	1.565555e+00	1.055071e-01	1.013991e+00	2.670810e+00	5.986458e-01	9.171670e-01	
1  0.339733	1.675996e+00	1.084518e-01	1.006046e+00	2.630682e+00	6.164154e-01	9.143719e-01	
1  0.284676	1.603572e+00	1.071446e-01	1.005237e+00	2.654707e+00	6.103019e-01	9.124057e-01	
1  0.310869	1.253151e+00	9.963372e-02	1.022019e+00	2.683467e+00	5.843205e-01	9.261770e-01	
1  0.309225	1.253151e+00	9.963372e-02	1.022019e+00	2.683467e+00	5.843205e-01	9.261519e-01	
1  0.44563	1.449175e+00	1.030205e-01	1.023542e+00	2.594240e+00	5.981186e-01	9.396808e-01	
1  0.53593	1.218841e+00	9.867823e-02	1.035944e+00	2.583002e+00	5.826885e-01	9.511135e-01	
1  0.58235	1.265621e+00	9.913133e-02	1.037525e+00	2.585806e+00	5.873707e-01	9.500620e-01	
1  0.454849	1.463826e+00	1.008625e-01	1.038416e+00	2.621907e+00	5.959867e-01	9.460009e-01	
1  0.240344	1.291664e+00	9.628740e-02	1.048272e+00	2.682581e+00	5.778611e-01	9.485863e-01	
1  0.187498	1.291664e+00	9.628740e-02	1.048272e+00	2.682581e+00	5.778611e-01	9.468023e-01	
1  0.252791	1.328551e+00	9.750009e-02	1.043965e+00	2.651336e+00	5.865974e-01	9.483503e-01	
1  0.304849	1.020847e+00	8.997663e-02	1.053060e+00	2.747563e+00	5.570391e-01	9.530165e-01	
1  0.240149	1.380308e+00	9.500377e-02	1.057431e+00	2.639669e+00	5.882643e-01	9.700923e-01	
2  0.247808	1.440617e+00	9.530922e-02	1.057396e+00	2.666799e+00	5.892138e-01	9.669902e-01	
1  0.241353	1.440617e+00	9.530922e-02	1.057396e+00	2.666799e+00	5.892138e-01	9.681044e-01	
1  0.215541	1.391422e+00	9.514507e-02	1.055292e+00	2.664780e+00	5.853555e-01	9.665326e-01	
1  0.303593	1.484820e+00	9.790290e-02	1.051707e+00	2.626089e+00	5.958867e-01	9.638542e-01	
1  0.353309	1.545464e+00	9.983112e-02	1.047877e+00	2.613802e+00	5.990067e-01	9.594663e-01	
1  0.264447	1.580118e+00	9.905657e-02	1.052313e+00	2.647844e+00	5.954645e-01	9.598018e-01	
1  0.187359	1.816063e+00	1.030815e-01	1.037887e+00	2.715774e+00	6.050874e-01	9.393379e-01	
2  0.208658	1.816063e+00	1.030815e-01	1.037887e+00	2.715774e+00	6.050874e-01	9.400784e-01	
1  0.204645	1.809680e+00	1.019345e-01	1.043494e+00	2.720877e+00	6.030980e-01	9.453413e-01	
1  0.16753	1.663019e+00	9.976540e-02	1.038810e+00	2.773874e+00	5.928993e-01	9.370692e-01	
1  0.167384	1.800196e+00	1.001592e-01	1.047573e+00	2.762494e+00	5.941966e-01	9.481815e-01	
1  0.12914	1.863096e+00	1.041669e-01	1.028924e+00	2.720698e+00	6.055299e-01	9.383889e-01	
1  0.116655	1.863096e+00	1.041669e-01	1.028924e+00	2.720698e+00	6.055299e-01	9.375690e-01	
1  0.0849724	1.766005e+00	1.051744e-01	1.014686e+00	2.688414e+00	6.052690e-01	9.327696e-01	
1  0.0831146	1.826066e+00	1.084912e-01	1.001573e+00	2.638363e+00	6.136863e-01	9.289730e-01	
1  0.100956	1.824379e+00	1.093836e-01	9.975377e-01	2.615886e+00	6.181783e-01	9.278619e-01	
1  0.070624	2.017166e+00	1.099179e-01	1.005793e+00	2.654463e+00	6.179664e-01	9.317222e-01	
1  0.079546	1.974843e+00	1.091225e-01	1.009036e+00	2.634846e+00	6.154512e-01	9.378339e-01	
1  0.0689245	1.974843e+00	1.091225e-01	1.009036e+00	2.634846e+00	6.154512e-01	9.374473e-01	
1  0.0760438	2.038246e+00	1.101983e-01	1.009493e+00	2.612747e+00	6.175962e-01	9.409756e-01	
2  0.116971	2.368231e+00	1.173802e-01	9.939195e-01	2.586639e+00	6.474061e-01	9.252929e-01	
1  0.231011	2.103602e+00	1.112857e-01	1.012907e+00	2.586933e+00	6.323861e-01	9.408529e-01	
1  0.18269	2.016315e+00	1.117383e-01	1.002863e+00	2.572777e+00	6.337144e-01	9.347733e-01	
1  0.206202	2.016315e+00	1.117383e-01	1.002863e+00	2.572777e+00	6.337144e-01	9.352163e-01	
1  0.329433	2.067842e+00	1.098668e-01	1.019617e+00	2.556267e+00	6.329519e-01	9.533945e-01	
1  0.23398	1.998597e+00	1.057295e-01	1.037465e+00	2.597308e+00	6.154922e-01	9.657482e-01	
1  0.266545	1.851394e+00	1.046017e-01	1.037386e+00	2.540310e+00	6.134163e-01	9.737359e-01	
1  0.279189	1.929046e+00	1.057811e-01	1.036086e+00	2.548251e+00	6.160921e-01	9.707917e-01	
1  0.144211	1.784697e+00	1.025549e-01	1.038213e+00	2.604834e+00	6.035813e-01	9.681463e-01	
1  0.217971	1.784697e+00	1.025549e-01	1.038213e+00	2.604834e+00	6.035813e-01	9.699412e-01	
1  0.694428	2.171275e+00	1.077391e-01	1.044433e+00	2.525168e+00	6.329774e-01	9.815726e-01	
1  0.588826	2.118235e+00	1.084145e-01	1.035285e+00	2.495796e+00	6.343089e-01	9.809642e-01	
1  0.294936	1.744473e+00	1.004591e-01	1.051209e+00	2.547085e+00	6.078813e-01	9.902694e-01	
1  0.417914	1.934140e+00	1.050277e-01	1.039303e+00	2.516277e+00	6.214337e-01	9.840142e-01	
1  0.456205	1.856188e+00	1.024001e-01	1.051846e+00	2.516314e+00	6.185293e-01	9.920805e-01	
1  0.371029	1.856188e+00	1.024001e-01	1.051846e+00	2.516314e+00	6.185293e-01	9.908045e-01	
1  0.300683	1.769033e+00	9.890814e-02	1.066870e+00	2.536175e+00	6.081319e-01	1.000698e+00	
1  0.456219	1.877917e+00	1.038082e-01	1.048964e+00	2.476332e+00	6.236008e-01	9.922612e-01	
1  0.366636	1.989236e+00	1.055123e-01	1.045317e+00	2.471898e+00	6.224763e-01	9.939532e-01	
1  0.443689	2.027070e+00	1.029814e-01	1.069178e+00	2.455073e+00	6.204266e-01	1.013824e+00	
1  0.279155	1.907677e+00	1.002679e-01	1.073141e+00	2.473135e+00	6.087765e-01	1.018922e+00	
2  0.331346	1.907677e+00	1.002679e-01	1.073141e+00	2.473135e+00	6.087765e-01	1.020385e+00	
1  0.203598	1.786964e+00	9.813501e-02	1.067770e+00	2.555815e+00	5.973010e-01	1.007645e+00	
2  0.284579	1.809216e+00	9.644046e-02	1.082731e+00	2.529365e+00	5.964345e-01	1.024603e+00	
1  0.337183	1.837589e+00	9.639214e-02	1.089512e+00	2.494322e+00	6.016066e-01	1.033092e+00	
1  0.33906	1.837589e+00	9.639214e-02	1.089512e+00	2.494322e+00	6.016066e-01	1.032844e+00	
1  0.391568	2.087730e+00	9.968996e-02	1.087661e+00	2.506088e+00	6.150232e-01	1.028306e+00	
1  0.371342	2.023855e+00	9.816153e-02	1.089605e+00	2.515568e+00	6.131410e-01	1.030373e+00	
1  0.448498	2.125819e+00	9.874845e-02	1.098533e+00	2.498461e+00	6.164792e-01	1.037246e+00	
1  0.490872	2.078241e+00	1.010807e-01	1.082125e+00	2.469604e+00	6.217512e-01	1.026093e+00	
1  0.45655	2.005007e+00	9.720795e-02	1.099213e+00	2.473543e+00	6.169444e-01	1.041864e+00	
2  0.456445	2.005007e+00	9.720795e-02	1.099213e+00	2.473543e+00	6.169444e-01	1.041842e+00	
1  0.892904	2.306069e+00	1.035576e-01	1.088017e+00	2.415733e+00	6.449612e-01	1.036397e+00	
1  0.98074	2.372641e+00	1.068662e-01	1.069706e+00	2.422571e+00	6.499702e-01	1.021606e+00	
1  0.732301	2.167984e+00	1.034946e-01	1.077037e+00	2.428399e+00	6.365541e-01	1.025290e+00	
1  0.736983	2.107465e+00	1.048482e-01	1.068188e+00	2.394686e+00	6.354935e-01	1.020742e+00	
1  0.809898	2.107465e+00	1.048482e-01	1.068188e+00	2.394686e+00	6.354935e-01	1.021485e+00	
2  0.523685	1.884946e+00	1.014528e-01	1.072075e+00	2.395612e+00	6.196694e-01	1.026494e+00	
1  0.682085	2.012710e+00	1.060946e-01	1.051044e+00	2.399026e+00	6.319677e-01	1.007846e+00	
1  0.737014	1.893061e+00	1.033333e-01	1.066693e+00	2.359351e+00	6.287375e-01	1.021746e+00	
1  0.764287	2.022089e+00	1.046577e-01	1.062058e+00	2.400638e+00	6.333090e-01	1.015077e+00	
1  0.80013	2.022089e+00	1.046577e-01	1.062058e+00	2.400638e+00	6.333090e-01	1.015426e+00	
1  1.06321	2.140380e+00	1.096792e-01	1.046673e+00	2.352989e+00	6.492533e-01	1.003117e+00	
1  1.1427	2.129310e+00	1.087575e-01	1.053562e+00	2.331671e+00	6.527440e-01	1.010878e+00	
1  0.927883	1.987454e+00	1.046666e-01	1.063623e+00	2.359470e+00	6.412163e-01	1.019299e+00	
1  0.801208	1.887154e+00	1.032877e-01	1.060560e+00	2.409350e+00	6.299601e-01	1.010709e+00	
1  0.869769	1.949518e+00	1.017057e-01	1.077895e+00	2.417933e+00	6.296139e-01	1.021301e+00	
2  0.765436	1.949518e+00	1.017057e-01	1.077895e+00	2.417933e+00	6.296139e-01	1.020186e+00	
1  0.456094	1.696736e+00	9.568853e-02	1.093406e+00	2.464871e+00	6.067559e-01	1.028082e+00	
1  0.454766	1.925138e+00	9.899310e-02	1.085199e+00	2.500438e+00	6.128829e-01	1.019376e+00	
1  0.471829	1.695263e+00	9.705922e-02	1.088408e+00	2.421214e+00	6.091238e-01	1.029796e+00	
1  0.602504	1.851695e+00	9.964562e-02	1.084483e+00	2.420160e+00	6.188162e-01	1.025726e+00	
1  0.635686	1.851695e+00	9.964562e-02	1.084483e+00	2.420160e+00	6.188162e-01	1.026206e+00	
1  0.650972	1.635806e+00	9.815542e-02	1.079091e+00	2.420727e+00	6.120119e-01	1.018288e+00	
1  0.705166	1.577547e+00	9.948108e-02	1.069403e+00	2.396398e+00	6.094984e-01	1.012504e+00	
1  0.711994	1.698283e+00	9.967860e-02	1.077050e+00	2.410606e+00	6.128122e-01	1.016632e+00	
1  0.70066	1.682640e+00	1.002604e-01	1.071208e+00	2.435929e+00	6.082694e-01	1.007575e+00	
1  0.854343	1.909544e+00	1.039338e-01	1.063972e+00	2.439293e+00	6.208085e-01	1.001925e+00	
1  0.779733	1.909544e+00	1.039338e-01	1.063972e+00	2.439293e+00	6.208085e-01	1.001242e+00	
1  0.54233	1.933030e+00	1.060243e-01	1.041742e+00	2.534825e+00	6.170494e-01	9.723278e-01	
1  1.03064	2.465449e+00	1.170731e-01	1.024172e+00	2.435901e+00	6.637689e-01	9.633540e-01	
1  0.707774	2.051366e+00	1.076697e-01	1.040311e+00	2.534971e+00	6.290827e-01	9.693776e-01	
1  0.502412	1.872541e+00	1.049834e-01	1.041164e+00	2.556967e+00	6.151936e-01	9.687857e-01	
1  0.228575	1.643728e+00	1.013855e-01	1.039257e+00	2.619165e+00	5.956385e-01	9.620595e-01	
1  0.247694	1.643728e+00	1.013855e-01	1.039257e+00	2.619165e+00	5.956385e-01	9.624100e-01	
1  0.19389	1.459095e+00	1.003748e-01	1.028093e+00	2.630622e+00	5.871389e-01	9.537436e-01	
1  0.467142	1.673609e+00	1.081799e-01	1.006674e+00	2.521222e+00	6.187503e-01	9.438409e-01	
1  0.163623	1.629703e+00	1.095293e-01	9.856953e-01	2.588866e+00	6.086399e-01	9.219021e-01	
1  0.0919865	1.704469e+00	1.114141e-01	9.756091e-01	2.606549e+00	6.122697e-01	9.134591e-01	
1  0.0658524	1.997055e+00	1.160830e-01	9.657093e-01	2.600691e+00	6.290131e-01	9.092245e-01	
1  0.0658602	1.997055e+00	1.160830e-01	9.657093e-01	2.600691e+00	6.290131e-01	9.093079e-01	
1  0.0780244	1.885438e+00	1.135497e-01	9.701452e-01	2.657069e+00	6.207340e-01	9.031105e-01	
1  0.103465	1.947391e+00	1.154994e-01	9.646306e-01	2.652575e+00	6.290726e-01	8.956702e-01	
1  0.119032	1.679806e+00	1.111369e-01	9.687659e-01	2.694472e+00	6.157916e-01	8.918797e-01	
1  0.285525	1.786630e+00	1.149610e-01	9.481688e-01	2.707355e+00	6.286358e-01	8.743051e-01	
1  0.299658	1.641069e+00	1.131545e-01	9.492492e-01	2.730098e+00	6.155946e-01	8.702720e-01	
1  0.295971	1.641069e+00	1.131545e-01	9.492492e-01	2.730098e+00	6.155946e-01	8.703456e-01	
1  0.258986	1.446932e+00	1.090331e-01	9.535741e-01	2.771020e+00	5.958813e-01	8.744971e-01	
1  0.133151	1.333928e+00	1.062279e-01	9.649738e-01	2.740606e+00	5.907988e-01	8.888978e-01	
1  0.194601	1.284528e+00	1.065327e-01	9.524383e-01	2.762708e+00	5.873293e-01	8.808564e-01	
2  0.194924	1.076260e+00	1.022806e-01	9.561653e-01	2.819168e+00	5.734961e-01	8.789949e-01	
1  0.191045	1.076260e+00	1.022806e-01	9.561653e-01	2.819168e+00	5.734961e-01	8.793203e-01	
2  0.14881	1.087814e+00	1.011263e-01	9.643158e-01	2.815301e+00	5.726687e-01	8.876242e-01	
1  0.244037	1.442644e+00	1.083227e-01	9.493504e-01	2.774994e+00	6.012400e-01	8.781543e-01	
1  0.266586	1.444953e+00	1.077327e-01	9.501229e-01	2.794440e+00	6.020634e-01	8.772806e-01	
1  0.274582	1.472027e+00	1.064584e-01	9.585424e-01	2.822323e+00	5.965906e-01	8.813837e-01	
1  0.318562	1.472027e+00	1.064584e-01	9.585424e-01	2.822323e+00	5.965906e-01	8.806146e-01	
2  0.29365	1.314868e+00	1.048164e-01	9.552300e-01	2.826419e+00	5.877949e-01	8.789224e-01	
1  0.213822	1.303284e+00	1.034133e-01	9.627176e-01	2.821020e+00	5.887182e-01	8.866979e-01	
1  0.213346	1.172284e+00	1.011148e-01	9.654310e-01	2.844215e+00	5.768513e-01	8.867557e-01	
1  0.319467	7.554215e-01	9.647009e-02	9.502911e-01	2.928185e+00	5.461552e-01	8.700945e-01	
2  0.339534	7.554215e-01	9.647009e-02	9.502911e-01	2.928185e+00	5.461552e-01	8.696507e-01	
3  0.210598	5.498268e-01	9.126995e-02	9.662089e-01	2.952619e+00	5.297400e-01	8.800939e-01	
1  0.372767	9.442626e-01	1.000169e-01	9.469475e-01	2.892670e+00	5.634677e-01	8.681728e-01	
1  0.392573	9.442626e-01	1.000169e-01	9.469475e-01	2.892670e+00	5.634677e-01	8.678307e-01	
1  0.63049	1.121057e+00	1.041165e-01	9.327061e-01	2.877873e+00	5.807195e-01	8.591918e-01	
1  0.934626	1.093547e+00	1.029777e-01	9.336598e-01	2.932346e+00	5.730775e-01	8.529055e-01	
1  1.04465	1.229785e+00	1.050698e-01	9.328017e-01	2.914844e+00	5.804736e-01	8.542398e-01	
1  1.66848	1.646349e+00	1.131058e-01	9.192851e-01	2.862912e+00	6.105868e-01	8.470820e-01	
1  2.3694	1.466583e+00	1.095153e-01	9.168444e-01	2.950009e+00	5.875743e-01	8.402869e-01	
6  2.47519	1.466583e+00	1.095153e-01	9.168444e-01	2.950009e+00	5.875743e-01	8.398135e-01	
1  2.08697	1.466583e+00	1.095153e-01	9.168444e-01	2.950009e+00	5.875743e-01	8.416171e-01	
1  1.75228	1.485396e+00	1.080605e-01	9.285446e-01	2.954131e+00	5.852474e-01	8.502188e-01	
1  1.19564	1.209364e+00	1.036872e-01	9.344942e-01	2.959330e+00	5.711537e-01	8.545690e-01	
1  1.4801	9.715756e-01	9.952669e-02	9.361109e-01	3.025125e+00	5.478313e-01	8.501594e-01	
1  1.07089	7.063784e-01	9.792844e-02	9.241181e-01	3.037518e+00	5.430142e-01	8.363508e-01	
1  0.956059	1.004181e+00	1.006293e-01	9.392831e-01	2.977904e+00	5.590456e-01	8.530947e-01	
1  0.922593	1.004181e+00	1.006293e-01	9.392831e-01	2.977904e+00	5.590456e-01	8.533629e-01	
2  1.14289	9.410863e-01	9.928060e-02	9.414105e-01	3.013449e+00	5.503327e-01	8.496655e-01	
1  0.363666	8.630957e-01	9.713394e-02	9.578326e-01	2.939149e+00	5.493413e-01	8.712128e-01	
1  0.412108	1.234408e+00	1.017273e-01	9.645970e-01	2.902953e+00	5.754780e-01	8.754288e-01	
1  0.637646	1.271673e+00	1.027042e-01	9.564326e-01	2.926879e+00	5.777044e-01	8.679615e-01	
1  0.557991	1.271673e+00	1.027042e-01	9.564326e-01	2.926879e+00	5.777044e-01	8.687733e-01	
1  0.817216	1.269634e+00	1.027323e-01	9.553599e-01	2.954995e+00	5.697664e-01	8.640075e-01	
1  0.499183	1.057167e+00	9.930945e-02	9.603845e-01	2.942869e+00	5.563898e-01	8.724512e-01	
2  0.822323	1.299993e+00	1.031306e-01	9.540236e-01	2.948064e+00	5.703911e-01	8.662085e-01	
1  1.15225	1.250044e+00	9.969396e-02	9.649017e-01	3.001412e+00	5.604280e-01	8.722156e-01	
1  1.13065	1.250044e+00	9.969396e-02	9.649017e-01	3.001412e+00	5.604280e-01	8.723570e-01	
1  0.690791	1.142361e+00	9.905349e-02	9.669706e-01	2.969306e+00	5.583610e-01	8.739867e-01	
1  0.616414	1.124947e+00	1.023658e-01	9.472248e-01	2.937840e+00	5.681111e-01	8.591642e-01	
1  1.503	1.227268e+00	1.032952e-01	9.402250e-01	3.009545e+00	5.663814e-01	8.475602e-01	
1  1.28392	9.643168e-01	9.682731e-02	9.540927e-01	3.041767e+00	5.419566e-01	8.623285e-01	
1  0.649492	1.136486e+00	1.016029e-01	9.507817e-01	2.941415e+00	5.616818e-01	8.658346e-01	
1  0.708398	1.136486e+00	1.016029e-01	9.507817e-01	2.941415e+00	5.616818e-01	8.652699e-01	
1  0.985352	1.383772e+00	1.044716e-01	9.540797e-01	2.947501e+00	5.729089e-01	8.640856e-01	
1  1.28722	8.721970e-01	9.293659e-02	9.749625e-01	3.045054e+00	5.310742e-01	8.765910e-01	
1  0.778054	7.681163e-01	9.239236e-02	9.723289e-01	3.019536e+00	5.294035e-01	8.775263e-01	
1  0.702316	6.347036e-01	9.063301e-02	9.709570e-01	3.025903e+00	5.161882e-01	8.793054e-01	
1  0.620428	1.048560e+00	1.002578e-01	9.536444e-01	2.930854e+00	5.484587e-01	8.717294e-01	
2  0.624568	1.048560e+00	1.002578e-01	9.536444e-01	2.930854e+00	5.484587e-01	8.716870e-01	
1  1.01806	9.239894e-01	9.652406e-02	9.624519e-01	2.997066e+00	5.292160e-01	8.723515e-01	
1  0.484739	9.712054e-01	9.992126e-02	9.541358e-01	2.911321e+00	5.426060e-01	8.726946e-01	
1  0.494959	1.038343e+00	1.012379e-01	9.528811e-01	2.910699e+00	5.528674e-01	8.675287e-01	
1  0.517181	1.196992e+00	1.031834e-01	9.549994e-01	2.893279e+00	5.622823e-01	8.707047e-01	
1  0.507611	1.196992e+00	1.031834e-01	9.549994e-01	2.893279e+00	5.622823e-01	8.708166e-01	
1  0.791814	1.105442e+00	1.019743e-01	9.519851e-01	2.941129e+00	5.515992e-01	8.622235e-01	
1  1.07871	1.128982e+00	1.000783e-01	9.602790e-01	2.984396e+00	5.471798e-01	8.663016e-01	
1  0.881578	1.377282e+00	1.043360e-01	9.573444e-01	2.935875e+00	5.691050e-01	8.675622e-01	
1  1.27951	1.252938e+00	1.055432e-01	9.380330e-01	2.947859e+00	5.631482e-01	8.506240e-01	
1  1.13205	1.388646e+00	1.077031e-01	9.419237e-01	2.912400e+00	5.706869e-01	8.544663e-01	
1  1.35819	1.388646e+00	1.077031e-01	9.419237e-01	2.912400e+00	5.706869e-01	8.529819e-01	
1  1.60179	1.583745e+00	1.126817e-01	9.285018e-01	2.862532e+00	5.894427e-01	8.480017e-01	
1  2.80562	1.495842e+00	1.156795e-01	9.022180e-01	2.855887e+00	5.937627e-01	8.255536e-01	
2  2.48185	1.564223e+00	1.180595e-01	8.992730e-01	2.786213e+00	6.077628e-01	8.295827e-01	
1  1.47557	1.379361e+00	1.143150e-01	9.065468e-01	2.780387e+00	5.974456e-01	8.400050e-01	
1  1.60344	1.379361e+00	1.143150e-01	9.065468e-01	2.780387e+00	5.974456e-01	8.392189e-01	
4  2.05055	1.686236e+00	1.198759e-01	9.011098e-01	2.713083e+00	6.247307e-01	8.409503e-01	
1  2.01348	1.283831e+00	1.149300e-01	8.954886e-01	2.776648e+00	5.926231e-01	8.306604e-01	
1  1.97079	1.283831e+00	1.149300e-01	8.954886e-01	2.776648e+00	5.926231e-01	8.308886e-01	
1  2.15876	1.551770e+00	1.183685e-01	9.022993e-01	2.746924e+00	6.108732e-01	8.335502e-01	
1  1.74705	1.460645e+00	1.153149e-01	9.111639e-01	2.783212e+00	5.963225e-01	8.388362e-01	
1  3.19511	1.634664e+00	1.213684e-01	8.934739e-01	2.732345e+00	6.135208e-01	8.259284e-01	
1  2.51407	1.679717e+00	1.220314e-01	8.990653e-01	2.678565e+00	6.201036e-01	8.356407e-01	
1  2.55057	1.472192e+00	1.208192e-01	8.905496e-01	2.664673e+00	6.101530e-01	8.320957e-01	
2  2.35722	1.472192e+00	1.208192e-01	8.905496e-01	2.664673e+00	6.101530e-01	8.329951e-01	
1  1.07042	1.454252e+00	1.185957e-01	9.087290e-01	2.629941e+00	6.140899e-01	8.493076e-01	
1  0.863073	1.566673e+00	1.198124e-01	9.124848e-01	2.589936e+00	6.299885e-01	8.562226e-01	
2  0.485974	1.286183e+00	1.158730e-01	9.147586e-01	2.597905e+00	6.167702e-01	8.571211e-01	
2  0.528357	1.286183e+00	1.158730e-01	9.147586e-01	2.597905e+00	6.167702e-01	8.564312e-01	
1  0.406959	1.168692e+00	1.131268e-01	9.188832e-01	2.621391e+00	6.012486e-01	8.617175e-01	
1  1.02512	1.455672e+00	1.177843e-01	9.075104e-01	2.637091e+00	6.174919e-01	8.521587e-01	
1  1.02599	1.637220e+00	1.196657e-01	9.105609e-01	2.610583e+00	6.292141e-01	8.594620e-01	
1  0.694588	1.725406e+00	1.198031e-01	9.209501e-01	2.581596e+00	6.335297e-01	8.704177e-01	
1  0.93869	1.725406e+00	1.198031e-01	9.209501e-01	2.581596e+00	6.335297e-01	8.683061e-01	
1  0.610583	1.624280e+00	1.171291e-01	9.309039e-01	2.611914e+00	6.250808e-01	8.691575e-01	
1  0.580245	1.718961e+00	1.184515e-01	9.312740e-01	2.583762e+00	6.359851e-01	8.730250e-01	
1  0.713549	1.502996e+00	1.133619e-01	9.297357e-01	2.708975e+00	6.099294e-01	8.643913e-01	
1  0.270806	1.628975e+00	1.141770e-01	9.432835e-01	2.613380e+00	6.230912e-01	8.874765e-01	
1  0.796398	1.771595e+00	1.177373e-01	9.287074e-01	2.646534e+00	6.290132e-01	8.706783e-01	
1  0.811341	1.771595e+00	1.177373e-01	9.287074e-01	2.646534e+00	6.290132e-01	8.705518e-01	
1  0.580456	1.724605e+00	1.174310e-01	9.359808e-01	2.617532e+00	6.262491e-01	8.738840e-01	
2  0.424695	1.914253e+00	1.206315e-01	9.427408e-01	2.536883e+00	6.451594e-01	8.828352e-01	
1  0.564418	2.075979e+00	1.247362e-01	9.424328e-01	2.460897e+00	6.590139e-01	8.848571e-01	
1  0.222568	1.842157e+00	1.207296e-01	9.506282e-01	2.448612e+00	6.471825e-01	8.939429e-01	
1  0.174262	1.842157e+00	1.207296e-01	9.506282e-01	2.448612e+00	6.471825e-01	8.949527e-01	
1  0.0771688	1.871524e+00	1.197416e-01	9.651094e-01	2.435068e+00	6.508134e-01	9.030832e-01	
1  0.149324	1.616706e+00	1.155960e-01	9.733203e-01	2.440571e+00	6.361226e-01	9.073985e-01	
1  0.329246	1.449438e+00	1.119234e-01	9.835845e-01	2.454512e+00	6.221805e-01	9.143407e-01	
1  0.289838	1.465841e+00	1.132013e-01	9.821153e-01	2.424935e+00	6.247881e-01	9.138942e-01	
1  0.245435	1.443310e+00	1.140155e-01	9.782302e-01	2.391036e+00	6.270094e-01	9.147175e-01	
1  0.231437	1.443310e+00	1.140155e-01	9.782302e-01	2.391036e+00	6.270094e-01	9.145041e-01	
1  0.0811187	1.505622e+00	1.185591e-01	9.589661e-01	2.338051e+00	6.446017e-01	9.018916e-01	
1  0.139087	1.339437e+00	1.164549e-01	9.507321e-01	2.427044e+00	6.268046e-01	8.854472e-01	
1  0.229523	1.264605e+00	1.178815e-01	9.372639e-01	2.424544e+00	6.275001e-01	8.719027e-01	
1  0.199359	1.154719e+00	1.153262e-01	9.502518e-01	2.384665e+00	6.247511e-01	8.860214e-01	
1  0.483819	1.330075e+00	1.209014e-01	9.280713e-01	2.399277e+00	6.400596e-01	8.621497e-01	
2  0.422771	1.330075e+00	1.209014e-01	9.280713e-01	2.399277e+00	6.400596e-01	8.629791e-01	
1  0.802146	1.529026e+00	1.245962e-01	9.268627e-01	2.355363e+00	6.551998e-01	8.636021e-01	
1  0.228748	1.398716e+00	1.206939e-01	9.422350e-01	2.374376e+00	6.430745e-01	8.726510e-01	
2  0.235488	1.303762e+00	1.182278e-01	9.416529e-01	2.459140e+00	6.273484e-01	8.642926e-01	
1  0.259286	1.303762e+00	1.182278e-01	9.416529e-01	2.459140e+00	6.273484e-01	8.634464e-01	
1  0.345778	9.841740e-01	1.122881e-01	9.529971e-01	2.492016e+00	6.011700e-01	8.696986e-01	
1  0.259366	1.258370e+00	1.166169e-01	9.426613e-01	2.500449e+00	6.129175e-01	8.640722e-01	
1  0.192373	1.235540e+00	1.136224e-01	9.545768e-01	2.532923e+00	6.099175e-01	8.725131e-01	
1  0.179988	1.255102e+00	1.133182e-01	9.593623e-01	2.533557e+00	6.064684e-01	8.761711e-01	
2  0.82268	7.687044e-01	1.061998e-01	9.632680e-01	2.559182e+00	5.776792e-01	8.786148e-01	
1  1.05797	7.410545e-01	1.062176e-01	9.669765e-01	2.519967e+00	5.791938e-01	8.839387e-01	
1  0.754841	8.490349e-01	1.054460e-01	9.753692e-01	2.577248e+00	5.781123e-01	8.840227e-01	
1  0.586032	7.565173e-01	1.042182e-01	9.634689e-01	2.630124e+00	5.631710e-01	8.781433e-01	
1  0.557073	7.686888e-01	1.026111e-01	9.704524e-01	2.654874e+00	5.614076e-01	8.832147e-01	
1  0.725338	5.407408e-01	9.770548e-02	9.693451e-01	2.737037e+00	5.414023e-01	8.808908e-01	
3  0.763088	5.407408e-01	9.770548e-02	9.693451e-01	2.737037e+00	5.414023e-01	8.812043e-01	
2  0.419567	7.368848e-01	9.847649e-02	9.838112e-01	2.721899e+00	5.507062e-01	8.924794e-01	
1  0.175973	9.549220e-01	1.029884e-01	9.702323e-01	2.736366e+00	5.601744e-01	8.798981e-01	
1  0.195902	9.549220e-01	1.029884e-01	9.702323e-01	2.736366e+00	5.601744e-01	8.806649e-01	
1  0.221412	9.559355e-01	1.040946e-01	9.655350e-01	2.727178e+00	5.634291e-01	8.755179e-01	
1  0.180233	1.210805e+00	1.085554e-01	9.615125e-01	2.693459e+00	5.829212e-01	8.733261e-01	
1  0.293994	1.196197e+00	1.080464e-01	9.583030e-01	2.754385e+00	5.720823e-01	8.644082e-01	
1  0.658164	1.341571e+00	1.138585e-01	9.420443e-01	2.705001e+00	5.848373e-01	8.508375e-01	
1  1.03686	1.225832e+00	1.141855e-01	9.273947e-01	2.715219e+00	5.790927e-01	8.401224e-01	
1  0.820678	1.225832e+00	1.141855e-01	9.273947e-01	2.715219e+00	5.790927e-01	8.421095e-01	
2  1.57679	1.589158e+00	1.191448e-01	9.233284e-01	2.723473e+00	5.965271e-01	8.375511e-01	
1  1.00145	1.621678e+00	1.193814e-01	9.315269e-01	2.665581e+00	5.998096e-01	8.503032e-01	
1  1.50388	1.712386e+00	1.215842e-01	9.257870e-01	2.679811e+00	6.094104e-01	8.389704e-01	
1  0.532493	1.687062e+00	1.201277e-01	9.414252e-01	2.605293e+00	6.128884e-01	8.598920e-01	
1  0.618236	1.687062e+00	1.201277e-01	9.414252e-01	2.605293e+00	6.128884e-01	8.589289e-01	
1  0.272128	1.569215e+00	1.160569e-01	9.547785e-01	2.623586e+00	5.986887e-01	8.718859e-01	
1  0.165534	1.492237e+00	1.118697e-01	9.697250e-01	2.681574e+00	5.837152e-01	8.796601e-01	
3  0.123185	1.357170e+00	1.090726e-01	9.802848e-01	2.665576e+00	5.753899e-01	8.893388e-01	
1  0.109611	1.357170e+00	1.090726e-01	9.802848e-01	2.665576e+00	5.753899e-01	8.880271e-01	
1  0.133599	1.378328e+00	1.106638e-01	9.746048e-01	2.636415e+00	5.762214e-01	8.874990e-01	
1  0.17497	1.468271e+00	1.114622e-01	9.724193e-01	2.659106e+00	5.771925e-01	8.856389e-01	
1  0.519751	1.850244e+00	1.195933e-01	9.551787e-01	2.614149e+00	6.039446e-01	8.746126e-01	
2  0.50715	1.973226e+00	1.216757e-01	9.564040e-01	2.577105e+00	6.100775e-01	8.793261e-01	
1  0.649114	1.973226e+00	1.216757e-01	9.564040e-01	2.577105e+00	6.100775e-01	8.778608e-01	
1  0.856645	1.998731e+00	1.236425e-01	9.466076e-01	2.537177e+00	6.206671e-01	8.760620e-01	
1  0.157688	1.796354e+00	1.169855e-01	9.681340e-01	2.569211e+00	6.116674e-01	8.915227e-01	
1  0.197776	1.837176e+00	1.177636e-01	9.666711e-01	2.570598e+00	6.120660e-01	8.900732e-01	
1  0.112747	1.943245e+00	1.187523e-01	9.723757e-01	2.539580e+00	6.200023e-01	8.975416e-01	
1  0.618216	2.148120e+00	1.259449e-01	9.477772e-01	2.477908e+00	6.523858e-01	8.797838e-01	
1  0.706186	2.148120e+00	1.259449e-01	9.477772e-01	2.477908e+00	6.523858e-01	8.790059e-01	
1  0.084614	1.902301e+00	1.191185e-01	9.704229e-01	2.478182e+00	6.366517e-01	9.009083e-01	
1  0.0696413	1.607257e+00	1.149221e-01	9.799120e-01	2.447147e+00	6.209956e-01	9.105524e-01	
1  0.120988	1.312711e+00	1.105103e-01	9.770547e-01	2.502301e+00	5.963346e-01	9.065386e-01	
2  0.485502	1.648068e+00	1.207652e-01	9.430258e-01	2.452923e+00	6.294605e-01	8.795990e-01	
1  0.378708	1.648068e+00	1.207652e-01	9.430258e-01	2.452923e+00	6.294605e-01	8.809269e-01	
1  0.240489	1.424862e+00	1.167117e-01	9.455858e-01	2.503088e+00	6.110986e-01	8.793949e-01	
1  0.23842	1.150508e+00	1.122789e-01	9.413697e-01	2.561596e+00	5.915965e-01	8.756134e-01	
1  0.212783	1.121602e+00	1.118624e-01	9.448204e-01	2.527069e+00	5.912428e-01	8.834055e-01	
1  0.266478	1.182195e+00	1.134245e-01	9.356816e-01	2.540411e+00	5.963986e-01	8.761823e-01	
1  0.363579	9.828436e-01	1.116778e-01	9.265980e-01	2.564507e+00	5.809853e-01	8.696012e-01	
1  0.36183	9.828436e-01	1.116778e-01	9.265980e-01	2.564507e+00	5.809853e-01	8.707399e-01	
1  0.376524	9.144114e-01	1.117478e-01	9.322381e-01	2.487028e+00	5.874719e-01	8.790375e-01	
2  0.33245	1.193035e+00	1.163967e-01	9.250607e-01	2.460618e+00	6.052147e-01	8.775644e-01	
1  0.292979	9.786471e-01	1.135833e-01	9.330358e-01	2.388487e+00	6.017120e-01	8.926383e-01	
1  0.449448	7.889049e-01	1.132950e-01	9.236249e-01	2.379357e+00	5.969592e-01	8.817546e-01	
1  0.441475	7.889049e-01	1.132950e-01	9.236249e-01	2.379357e+00	5.969592e-01	8.816264e-01	
1  0.756086	1.023861e+00	1.200396e-01	9.035006e-01	2.350150e+00	6.133123e-01	8.655317e-01	
1  1.29063	1.333746e+00	1.246607e-01	9.131117e-01	2.221865e+00	6.420103e-01	8.847651e-01	
1  2.3333	1.501922e+00	1.275587e-01	9.036731e-01	2.224590e+00	6.510182e-01	8.805581e-01	
2  1.37851	1.084152e+00	1.223565e-01	8.920295e-01	2.341073e+00	6.215104e-01	8.582467e-01	
1  1.37809	1.084152e+00	1.223565e-01	8.920295e-01	2.341073e+00	6.215104e-01	8.582495e-01	
1  1.87398	1.174507e+00	1.243443e-01	8.898040e-01	2.319057e+00	6.330185e-01	8.559209e-01	
1  3.17236	1.181574e+00	1.261974e-01	8.749799e-01	2.342562e+00	6.327314e-01	8.418820e-01	
1  2.00356	1.117646e+00	1.242777e-01	8.868933e-01	2.309857e+00	6.271465e-01	8.555116e-01	
1  2.02678	1.022356e+00	1.240922e-01	8.819499e-01	2.282049e+00	6.272002e-01	8.555082e-01	
1  1.25411	1.062458e+00	1.230160e-01	8.975253e-01	2.226779e+00	6.334445e-01	8.747549e-01	
1  1.24767	1.062458e+00	1.230160e-01	8.975253e-01	2.226779e+00	6.334445e-01	8.747998e-01	
1  0.608627	9.500941e-01	1.210641e-01	9.135609e-01	2.151231e+00	6.321083e-01	8.919412e-01	
1  0.206266	8.105611e-01	1.174709e-01	9.212568e-01	2.170464e+00	6.233786e-01	8.990246e-01	
1  0.21384	7.756234e-01	1.152903e-01	9.333594e-01	2.168565e+00	6.131698e-01	9.111113e-01	
2  0.3903	7.872055e-01	1.125230e-01	9.422701e-01	2.201987e+00	6.083167e-01	9.226706e-01	
1  0.250967	7.872055e-01	1.125230e-01	9.422701e-01	2.201987e+00	6.083167e-01	9.206527e-01	
1  0.201771	9.109182e-01	1.168995e-01	9.308530e-01	2.141730e+00	6.230775e-01	9.158970e-01	
2  0.238324	8.439259e-01	1.165050e-01	9.225013e-01	2.167608e+00	6.176514e-01	9.094841e-01	
1  0.332876	6.896364e-01	1.132961e-01	9.198561e-01	2.237978e+00	6.011929e-01	9.048429e-01	
1  0.260249	6.972336e-01	1.132199e-01	9.322528e-01	2.180132e+00	6.019750e-01	9.167780e-01	
1  0.247988	6.972336e-01	1.132199e-01	9.322528e-01	2.180132e+00	6.019750e-01	9.164817e-01	
1  0.380587	6.630683e-01	1.123290e-01	9.325523e-01	2.222337e+00	6.002253e-01	9.092242e-01	
1  0.381484	1.031654e+00	1.186788e-01	9.274502e-01	2.181070e+00	6.248048e-01	9.057762e-01	
1  0.309501	1.161000e+00	1.182122e-01	9.362849e-01	2.198857e+00	6.228312e-01	9.159238e-01	
1  0.841118	1.458870e+00	1.224714e-01	9.373442e-01	2.163638e+00	6.423603e-01	9.184552e-01	
1  0.0911808	1.053579e+00	1.131536e-01	9.594510e-01	2.218102e+00	6.100739e-01	9.334734e-01	
1  0.109069	1.053579e+00	1.131536e-01	9.594510e-01	2.218102e+00	6.100739e-01	9.340616e-01	
1  0.0651611	1.244085e+00	1.158215e-01	9.615607e-01	2.211382e+00	6.151061e-01	9.339339e-01	
1  0.14392	1.308972e+00	1.179826e-01	9.551277e-01	2.230054e+00	6.171295e-01	9.216253e-01	
1  0.206182	1.213582e+00	1.178861e-01	9.436357e-01	2.259420e+00	6.146902e-01	9.093021e-01	
1  0.268974	1.242540e+00	1.174554e-01	9.451068e-01	2.299924e+00	6.014733e-01	9.087527e-01	
1  0.285441	1.057695e+00	1.159666e-01	9.386736e-01	2.326680e+00	5.908470e-01	8.988956e-01	
1  0.266228	1.057695e+00	1.159666e-01	9.386736e-01	2.326680e+00	5.908470e-01	9.003357e-01	
1  0.247285	1.124434e+00	1.170969e-01	9.423799e-01	2.269762e+00	5.970017e-01	9.103872e-01	
1  0.610206	1.113515e+00	1.194608e-01	9.252817e-01	2.273501e+00	5.968636e-01	8.964172e-01	
1  0.329029	1.063395e+00	1.170092e-01	9.340151e-01	2.298048e+00	5.924489e-01	9.015065e-01	
1  1.07267	5.585724e-01	1.086482e-01	9.382441e-01	2.361356e+00	5.579343e-01	9.031793e-01	
1  0.688939	6.079732e-01	1.116677e-01	9.296362e-01	2.282091e+00	5.750451e-01	9.038079e-01	
6  0.7904	6.079732e-01	1.116677e-01	9.296362e-01	2.282091e+00	5.750451e-01	9.048187e-01	
1  0.986339	6.079732e-01	1.116677e-01	9.296362e-01	2.282091e+00	5.750451e-01	9.064933e-01	
3  0.317162	8.665753e-01	1.160757e-01	9.241034e-01	2.211705e+00	5.990361e-01	9.133800e-01	
2  1.09827	5.285755e-01	1.119679e-01	9.129159e-01	2.299018e+00	5.737796e-01	8.972874e-01	
1  1.12774	5.285755e-01	1.119679e-01	9.129159e-01	2.299018e+00	5.737796e-01	8.975176e-01	
1  0.684824	5.580334e-01	1.175794e-01	8.891159e-01	2.232672e+00	5.879176e-01	8.795791e-01	
1  0.687735	6.367939e-01	1.191213e-01	8.898497e-01	2.200935e+00	5.961562e-01	8.818238e-01	
1  1.13358	7.853086e-01	1.219706e-01	8.879504e-01	2.156292e+00	6.094675e-01	8.843057e-01	
1  0.587665	6.263465e-01	1.187124e-01	8.919417e-01	2.204637e+00	5.999597e-01	8.809956e-01	
1  0.688826	5.119443e-01	1.181587e-01	8.861384e-01	2.204154e+00	5.914920e-01	8.776425e-01	
1  0.689451	5.119443e-01	1.181587e-01	8.861384e-01	2.204154e+00	5.914920e-01	8.780742e-01	
2  1.49882	8.092376e-01	1.234346e-01	8.818672e-01	2.185186e+00	6.118865e-01	8.704544e-01	
3  2.67341	8.950838e-01	1.263831e-01	8.828936e-01	2.084569e+00	6.299360e-01	8.775473e-01	
2  2.43714	8.950838e-01	1.263831e-01	8.828936e-01	2.084569e+00	6.299360e-01	8.786571e-01	
4  0.512106	5.948332e-01	1.196734e-01	8.968417e-01	2.125321e+00	6.065246e-01	8.888600e-01	
1  0.524338	5.948332e-01	1.196734e-01	8.968417e-01	2.125321e+00	6.065246e-01	8.883608e-01	
2  0.881995	7.340587e-01	1.222378e-01	8.976750e-01	2.081986e+00	6.194934e-01	8.909016e-01	
3  0.556899	6.076256e-01	1.204217e-01	9.002934e-01	2.077235e+00	6.117159e-01	8.937685e-01	
1  0.598662	6.076256e-01	1.204217e-01	9.002934e-01	2.077235e+00	6.117159e-01	8.930333e-01	
1  0.513869	6.540153e-01	1.199522e-01	9.052879e-01	2.097854e+00	6.086930e-01	8.954260e-01	
1  1.08486	8.689563e-01	1.227947e-01	9.143520e-01	2.032584e+00	6.212524e-01	9.069225e-01	
1  4.61907	1.127850e+00	1.285089e-01	9.083383e-01	1.919314e+00	6.455392e-01	9.152508e-01	
2  2.12581	9.805448e-01	1.250884e-01	9.083933e-01	2.013395e+00	6.247229e-01	9.074008e-01	
1  2.33876	9.805448e-01	1.250884e-01	9.083933e-01	2.013395e+00	6.247229e-01	9.063252e-01	
1  0.545402	7.512281e-01	1.195642e-01	9.184372e-01	2.080539e+00	6.027350e-01	9.093667e-01	
1  1.43042	7.397980e-01	1.226489e-01	9.021775e-01	2.027135e+00	6.162073e-01	9.001526e-01	
2  0.568189	5.296713e-01	1.192690e-01	9.022812e-01	2.050816e+00	6.051593e-01	9.002907e-01	
1  0.372427	5.516311e-01	1.181652e-01	9.132837e-01	2.042124e+00	6.060448e-01	9.091433e-01	
2  0.399717	5.516311e-01	1.181652e-01	9.132837e-01	2.042124e+00	6.060448e-01	9.082648e-01	
2  0.284741	5.199307e-01	1.168319e-01	9.216695e-01	2.000997e+00	6.065655e-01	9.223060e-01	
2  0.36671	5.120440e-01	1.176191e-01	9.207384e-01	1.954487e+00	6.147408e-01	9.253201e-01	
5  0.345033	5.120440e-01	1.176191e-01	9.207384e-01	1.954487e+00	6.147408e-01	9.257544e-01	
1  0.250643	5.665439e-01	1.168352e-01	9.202927e-01	2.033236e+00	6.104756e-01	9.186333e-01	
2  0.25115	5.665439e-01	1.168352e-01	9.202927e-01	2.033236e+00	6.104756e-01	9.185423e-01	
2  0.632726	7.165909e-01	1.201352e-01	9.101417e-01	2.059123e+00	6.161641e-01	9.049609e-01	
1  0.235151	6.366057e-01	1.166220e-01	9.271092e-01	2.078041e+00	6.065257e-01	9.151719e-01	
1  0.674993	9.155707e-01	1.213348e-01	9.167444e-01	2.112673e+00	6.200579e-01	9.001459e-01	
1  0.745398	9.155707e-01	1.213348e-01	9.167444e-01	2.112673e+00	6.200579e-01	8.994211e-01	
1  0.428072	8.899905e-01	1.196209e-01	9.208965e-01	2.157112e+00	6.125817e-01	8.990013e-01	
2  0.313543	7.880176e-01	1.159183e-01	9.295336e-01	2.235962e+00	5.941460e-01	8.983935e-01	
1  0.218932	8.643341e-01	1.177156e-01	9.362019e-01	2.151104e+00	6.053296e-01	9.092379e-01	
1  0.916073	1.104662e+00	1.227232e-01	9.245697e-01	2.105888e+00	6.284780e-01	9.056671e-01	
3  0.918345	1.104662e+00	1.227232e-01	9.245697e-01	2.105888e+00	6.284780e-01	9.056487e-01	
2  0.19249	8.681109e-01	1.157196e-01	9.412376e-01	2.174282e+00	6.049409e-01	9.167968e-01	
1  0.2707	9.230952e-01	1.180845e-01	9.279968e-01	2.174630e+00	6.097423e-01	9.078036e-01	
1  0.258513	9.230952e-01	1.180845e-01	9.279968e-01	2.174630e+00	6.097423e-01	9.083220e-01	
1  0.470255	7.414865e-01	1.138347e-01	9.311171e-01	2.262844e+00	5.866509e-01	9.041764e-01	
1  0.219975	9.547434e-01	1.174117e-01	9.314560e-01	2.201385e+00	6.085230e-01	9.090376e-01	
1  0.234612	9.117026e-01	1.161376e-01	9.335017e-01	2.230116e+00	6.042710e-01	9.072546e-01	
1  0.380854	8.701030e-01	1.133852e-01	9.515038e-01	2.211991e+00	6.027537e-01	9.224754e-01	
1  0.340643	8.055869e-01	1.140126e-01	9.454709e-01	2.185188e+00	6.019394e-01	9.201038e-01	
1  0.248037	8.055869e-01	1.140126e-01	9.454709e-01	2.185188e+00	6.019394e-01	9.185721e-01	
1  0.145624	9.393395e-01	1.165190e-01	9.436285e-01	2.148307e+00	6.098043e-01	9.216867e-01	
1  0.0957966	1.195867e+00	1.175518e-01	9.571110e-01	2.179429e+00	6.160341e-01	9.268697e-01	
1  0.0774494	1.184510e+00	1.156611e-01	9.666082e-01	2.194260e+00	6.088469e-01	9.349486e-01	
1  0.115636	1.235448e+00	1.173184e-01	9.530345e-01	2.217886e+00	6.140900e-01	9.247586e-01	
1  0.145459	1.151846e+00	1.181393e-01	9.462655e-01	2.159281e+00	6.243961e-01	9.238889e-01	
2  0.125824	1.151846e+00	1.181393e-01	9.462655e-01	2.159281e+00	6.243961e-01	9.245863e-01	
1  0.24336	9.723540e-01	1.134763e-01	9.501813e-01	2.240317e+00	6.041986e-01	9.243331e-01	
2  0.152588	9.968960e-01	1.163187e-01	9.392589e-01	2.202138e+00	6.122509e-01	9.167782e-01	
2  0.241491	1.135105e+00	1.192552e-01	9.376263e-01	2.153287e+00	6.264516e-01	9.182804e-01	
1  0.477448	1.248357e+00	1.213585e-01	9.298960e-01	2.177604e+00	6.341203e-01	9.086263e-01	
2  0.230018	8.924926e-01	1.145482e-01	9.413514e-01	2.217409e+00	6.040077e-01	9.168445e-01	
1  0.48498	7.401781e-01	1.125960e-01	9.479693e-01	2.209462e+00	5.939609e-01	9.183258e-01	
1  0.764397	7.364145e-01	1.106610e-01	9.590330e-01	2.228985e+00	5.912335e-01	9.245101e-01	
2  0.600241	7.364145e-01	1.106610e-01	9.590330e-01	2.228985e+00	5.912335e-01	9.231198e-01	
4  0.890783	5.970835e-01	1.094851e-01	9.622951e-01	2.176201e+00	5.869733e-01	9.308647e-01	
1  0.795191	5.970835e-01	1.094851e-01	9.622951e-01	2.176201e+00	5.869733e-01	9.301510e-01	
2  0.116807	7.735475e-01	1.140169e-01	9.552323e-01	2.099983e+00	6.126043e-01	9.291282e-01	
1  0.171151	7.777040e-01	1.147440e-01	9.436559e-01	2.169298e+00	6.094726e-01	9.112842e-01	
1  0.17835	7.802477e-01	1.150532e-01	9.421381e-01	2.182457e+00	6.064461e-01	9.073727e-01	
1  0.259531	7.671131e-01	1.140049e-01	9.407791e-01	2.231380e+00	5.989986e-01	9.039402e-01	
1  0.25349	7.671131e-01	1.140049e-01	9.407791e-01	2.231380e+00	5.989986e-01	9.038061e-01	
2  0.189523	7.720233e-01	1.167973e-01	9.355099e-01	2.127534e+00	6.102429e-01	9.084529e-01	
1  0.155976	7.505096e-01	1.154253e-01	9.397562e-01	2.109221e+00	6.064415e-01	9.206259e-01	
1  0.514436	5.209506e-01	1.105221e-01	9.592318e-01	2.080999e+00	5.904817e-01	9.385026e-01	
1  0.174219	6.829111e-01	1.156985e-01	9.392413e-01	2.072973e+00	6.047011e-01	9.214987e-01	
2  0.178839	6.829111e-01	1.156985e-01	9.392413e-01	2.072973e+00	6.047011e-01	9.211447e-01	
2  0.172232	6.868619e-01	1.142380e-01	9.423464e-01	2.118548e+00	6.008626e-01	9.208606e-01	
2  0.137847	8.060034e-01	1.158154e-01	9.468597e-01	2.074114e+00	6.112798e-01	9.284061e-01	
1  0.159427	8.060034e-01	1.158154e-01	9.468597e-01	2.074114e+00	6.112798e-01	9.276023e-01	
2  1.25716	1.073303e+00	1.204254e-01	9.494136e-01	1.969323e+00	6.330205e-01	9.408392e-01	
2  2.1627	1.038534e+00	1.220311e-01	9.422981e-01	1.933212e+00	6.326720e-01	9.369894e-01	
1  1.65342	1.066803e+00	1.213440e-01	9.375967e-01	1.984736e+00	6.310794e-01	9.337844e-01	
1  1.66251	1.066803e+00	1.213440e-01	9.375967e-01	1.984736e+00	6.310794e-01	9.337325e-01	
1  1.04803	9.306916e-01	1.188163e-01	9.524839e-01	1.930376e+00	6.326600e-01	9.467223e-01	
3  0.110354	7.751541e-01	1.138772e-01	9.693802e-01	1.956147e+00	6.184267e-01	9.591410e-01	
1  0.338291	7.896937e-01	1.164874e-01	9.502049e-01	1.982844e+00	6.206735e-01	9.401390e-01	
1  0.291054	7.896937e-01	1.164874e-01	9.502049e-01	1.982844e+00	6.206735e-01	9.408202e-01	
1  0.227586	8.219129e-01	1.169234e-01	9.425690e-01	2.060337e+00	6.162714e-01	9.251109e-01	
1  0.108584	8.524900e-01	1.154457e-01	9.487569e-01	2.107597e+00	6.113436e-01	9.266728e-01	
1  1.31822	1.120268e+00	1.226590e-01	9.292056e-01	2.066841e+00	6.377764e-01	9.102599e-01	
1  0.295484	6.764141e-01	1.126559e-01	9.487014e-01	2.161613e+00	6.014633e-01	9.181196e-01	
1  0.272499	8.302421e-01	1.130630e-01	9.527818e-01	2.250003e+00	6.038400e-01	9.068324e-01	
1  0.292094	8.302421e-01	1.130630e-01	9.527818e-01	2.250003e+00	6.038400e-01	9.071333e-01	
1  0.343225	7.618886e-01	1.131761e-01	9.435487e-01	2.274588e+00	6.015210e-01	8.965672e-01	
1  0.29475	8.243564e-01	1.174894e-01	9.239459e-01	2.247382e+00	6.102948e-01	8.819140e-01	
1  0.663885	6.723069e-01	1.107509e-01	9.513632e-01	2.298192e+00	5.879787e-01	9.006762e-01	
1  0.227895	8.068862e-01	1.151576e-01	9.374501e-01	2.269893e+00	6.011689e-01	8.900032e-01	
1  0.211114	9.081721e-01	1.135176e-01	9.628418e-01	2.225503e+00	6.032952e-01	9.151829e-01	
1  0.190507	9.081721e-01	1.135176e-01	9.628418e-01	2.225503e+00	6.032952e-01	9.148057e-01	
1  0.971055	6.188143e-01	1.085544e-01	9.608840e-01	2.320712e+00	5.776493e-01	9.052599e-01	
1  1.21645	5.544842e-01	1.073356e-01	9.580884e-01	2.314884e+00	5.742231e-01	9.107775e-01	
1  0.569517	6.855149e-01	1.103416e-01	9.456453e-01	2.306354e+00	5.863862e-01	9.047488e-01	
2  0.484459	6.943610e-01	1.110436e-01	9.493895e-01	2.239111e+00	5.950905e-01	9.137545e-01	
2  0.626879	6.943610e-01	1.110436e-01	9.493895e-01	2.239111e+00	5.950905e-01	9.151487e-01	
1  0.656169	6.827264e-01	1.110197e-01	9.486546e-01	2.272076e+00	5.872855e-01	9.084107e-01	
1  0.936194	6.997995e-01	1.083770e-01	9.590746e-01	2.341847e+00	5.788971e-01	9.111111e-01	
1  1.78952	5.479265e-01	1.023238e-01	9.761081e-01	2.426017e+00	5.544790e-01	9.202949e-01	
1  2.03203	5.414762e-01	1.019311e-01	9.833881e-01	2.382198e+00	5.580892e-01	9.302186e-01	
1  1.95876	5.414762e-01	1.019311e-01	9.833881e-01	2.382198e+00	5.580892e-01	9.298805e-01	
1  0.716145	7.796732e-01	1.088166e-01	9.685498e-01	2.302510e+00	5.809812e-01	9.222420e-01	
1  0.260538	9.746396e-01	1.125528e-01	9.648806e-01	2.274043e+00	5.964642e-01	9.189054e-01	
2  0.446312	8.198125e-01	1.110413e-01	9.590506e-01	2.266311e+00	5.907932e-01	9.192943e-01	
1  0.638489	7.266784e-01	1.092568e-01	9.496049e-01	2.363183e+00	5.734470e-01	9.062981e-01	
1  0.649126	7.266784e-01	1.092568e-01	9.496049e-01	2.363183e+00	5.734470e-01	9.063993e-01	
1  1.44475	5.178955e-01	1.067141e-01	9.499648e-01	2.375108e+00	5.650492e-01	9.027122e-01	
1  0.938642	7.135599e-01	1.072653e-01	9.632480e-01	2.385334e+00	5.731142e-01	9.098746e-01	
2  1.5561	5.132797e-01	1.013779e-01	9.667447e-01	2.525092e+00	5.472212e-01	9.033991e-01	
1  1.00105	6.241954e-01	1.035463e-01	9.627423e-01	2.529715e+00	5.518237e-01	8.977981e-01	
1  0.863506	6.241954e-01	1.035463e-01	9.627423e-01	2.529715e+00	5.518237e-01	8.968011e-01	
1  1.01799	5.586649e-01	9.992221e-02	9.753969e-01	2.569717e+00	5.407687e-01	9.057132e-01	
3  1.1176	5.670639e-01	9.848929e-02	9.842717e-01	2.538332e+00	5.425236e-01	9.216273e-01	
1  0.479907	8.706968e-01	1.050100e-01	9.712928e-01	2.482812e+00	5.698932e-01	9.153652e-01	
1  0.512994	8.706968e-01	1.050100e-01	9.712928e-01	2.482812e+00	5.698932e-01	9.156980e-01	
1  0.394642	8.746681e-01	1.036703e-01	9.736084e-01	2.521997e+00	5.596797e-01	9.183117e-01	
1  0.911361	5.730494e-01	9.740276e-02	9.890728e-01	2.546272e+00	5.330784e-01	9.298368e-01	
1  1.02722	5.757917e-01	1.003483e-01	9.691827e-01	2.529957e+00	5.419286e-01	9.162384e-01	
2  0.78274	6.049498e-01	1.016251e-01	9.606987e-01	2.562926e+00	5.400338e-01	9.048393e-01	
2  0.700296	6.049498e-01	1.016251e-01	9.606987e-01	2.562926e+00	5.400338e-01	9.041230e-01	
2  0.763995	5.812323e-01	9.867916e-02	9.772695e-01	2.561795e+00	5.351522e-01	9.197492e-01	
1  0.421002	7.599247e-01	1.039127e-01	9.621102e-01	2.546598e+00	5.490407e-01	9.045121e-01	
1  0.467669	7.752340e-01	1.035152e-01	9.712815e-01	2.511207e+00	5.509929e-01	9.145235e-01	
1  0.499392	7.752340e-01	1.035152e-01	9.712815e-01	2.511207e+00	5.509929e-01	9.148686e-01	
2  1.0132	5.341032e-01	9.822220e-02	9.814637e-01	2.555886e+00	5.328766e-01	9.194655e-01	
1  0.239311	1.066798e+00	1.129377e-01	9.455394e-01	2.418754e+00	5.808608e-01	8.987716e-01	
1  0.258458	1.198017e+00	1.146883e-01	9.449954e-01	2.391910e+00	5.883662e-01	9.042762e-01	
1  0.337802	1.185357e+00	1.159680e-01	9.385062e-01	2.371079e+00	5.922965e-01	8.997308e-01	
1  0.323978	1.185357e+00	1.159680e-01	9.385062e-01	2.371079e+00	5.922965e-01	9.000725e-01	
1  0.679332	1.383550e+00	1.205759e-01	9.327442e-01	2.298446e+00	6.132403e-01	9.008592e-01	
1  0.232261	1.084610e+00	1.143727e-01	9.401160e-01	2.362177e+00	5.912079e-01	9.033129e-01	
1  0.413884	1.199399e+00	1.165922e-01	9.325712e-01	2.389775e+00	5.944518e-01	8.934337e-01	
1  0.329235	1.443995e+00	1.189216e-01	9.472169e-01	2.316299e+00	6.113988e-01	9.107526e-01	
1  0.170509	1.070632e+00	1.116043e-01	9.662141e-01	2.303200e+00	5.879128e-01	9.298789e-01	
1  0.14354	1.070632e+00	1.116043e-01	9.662141e-01	2.303200e+00	5.879128e-01	9.291483e-01	
1  0.168914	1.389487e+00	1.170880e-01	9.574539e-01	2.288798e+00	6.101075e-01	9.218957e-01	
2  0.353567	1.354674e+00	1.182033e-01	9.463338e-01	2.279472e+00	6.091145e-01	9.162366e-01	
1  0.270179	1.231341e+00	1.163895e-01	9.439500e-01	2.289941e+00	6.026194e-01	9.166874e-01	
1  0.884848	1.327519e+00	1.201239e-01	9.257570e-01	2.272649e+00	6.105635e-01	9.070145e-01	
1  0.845488	1.327519e+00	1.201239e-01	9.257570e-01	2.272649e+00	6.105635e-01	9.073649e-01	
2  0.355538	1.251659e+00	1.165920e-01	9.410540e-01	2.292400e+00	5.983311e-01	9.192076e-01	
1  0.417612	1.469773e+00	1.185846e-01	9.437713e-01	2.314161e+00	6.100375e-01	9.174340e-01	
1  0.23846	1.384706e+00	1.170891e-01	9.540266e-01	2.286285e+00	6.046733e-01	9.250439e-01	
1  0.0720435	1.282879e+00	1.131000e-01	9.768638e-01	2.262868e+00	5.963215e-01	9.449458e-01	
1  0.0657245	1.282879e+00	1.131000e-01	9.768638e-01	2.262868e+00	5.963215e-01	9.436442e-01	
# After 788 accepted steps: update proposal 
3  0.201657	1.470294e+00	1.172069e-01	9.688266e-01	2.246137e+00	6.077312e-01	9.364401e-01	
