1  0.00597163	2.127095e+00	1.075806e-01	9.773552e-01	2.483424e+00	6.580603e-01	1.004754e+00	
1  0.000741083	2.001936e+00	1.074281e-01	9.708123e-01	2.470502e+00	6.547954e-01	9.991774e-01	
1  0.0067523	2.194010e+00	1.090083e-01	9.776669e-01	2.435494e+00	6.643633e-01	1.011387e+00	
1  0.00761867	2.244571e+00	1.113626e-01	9.634326e-01	2.443861e+00	6.675981e-01	1.000769e+00	
1  0.00179657	2.618565e+00	1.182178e-01	9.559469e-01	2.394847e+00	6.997848e-01	9.945943e-01	
1  0.0039828	2.618565e+00	1.182178e-01	9.559469e-01	2.394847e+00	6.997848e-01	9.941483e-01	
1  0.0089973	2.583466e+00	1.178588e-01	9.513731e-01	2.440020e+00	6.939192e-01	9.849092e-01	
1  0.150263	2.610431e+00	1.219690e-01	9.273993e-01	2.435079e+00	6.968670e-01	9.655380e-01	
1  0.236863	2.508901e+00	1.208727e-01	9.193465e-01	2.460329e+00	6.933341e-01	9.601358e-01	
1  0.256668	2.447040e+00	1.204855e-01	9.158960e-01	2.484323e+00	6.923820e-01	9.518550e-01	
1  0.252338	2.325987e+00	1.180734e-01	9.150405e-01	2.532034e+00	6.833151e-01	9.478126e-01	
1  0.249954	2.325987e+00	1.180734e-01	9.150405e-01	2.532034e+00	6.833151e-01	9.478566e-01	
1  0.132599	2.344387e+00	1.167026e-01	9.269263e-01	2.496959e+00	6.867379e-01	9.638752e-01	
1  0.106621	2.236767e+00	1.124862e-01	9.353663e-01	2.581397e+00	6.747945e-01	9.630882e-01	
1  0.0656137	2.260389e+00	1.105077e-01	9.506743e-01	2.585113e+00	6.647582e-01	9.773150e-01	
1  0.113155	2.092744e+00	1.072446e-01	9.550163e-01	2.645980e+00	6.451818e-01	9.729339e-01	
1  0.101205	2.165701e+00	1.093833e-01	9.475835e-01	2.642182e+00	6.558121e-01	9.649683e-01	
1  0.0923359	2.165701e+00	1.093833e-01	9.475835e-01	2.642182e+00	6.558121e-01	9.652081e-01	
1  0.146836	2.263703e+00	1.129422e-01	9.318619e-01	2.642566e+00	6.710155e-01	9.496128e-01	
1  0.160837	2.238477e+00	1.123621e-01	9.324487e-01	2.658259e+00	6.651113e-01	9.488670e-01	
1  0.202307	2.101646e+00	1.098040e-01	9.333708e-01	2.693379e+00	6.560603e-01	9.468856e-01	
2  0.514385	1.740339e+00	9.869286e-02	9.693403e-01	2.753329e+00	6.227947e-01	9.741398e-01	
1  0.597117	1.740339e+00	9.869286e-02	9.693403e-01	2.753329e+00	6.227947e-01	9.733346e-01	
1  0.383434	1.938430e+00	1.028196e-01	9.606586e-01	2.750157e+00	6.376815e-01	9.628180e-01	
1  0.399906	2.070077e+00	1.040212e-01	9.627964e-01	2.755668e+00	6.403031e-01	9.648647e-01	
1  0.19504	2.197585e+00	1.077289e-01	9.552041e-01	2.705756e+00	6.521891e-01	9.624491e-01	
1  0.291512	2.142232e+00	1.080132e-01	9.441584e-01	2.730332e+00	6.506637e-01	9.522893e-01	
2  0.400345	2.412507e+00	1.117326e-01	9.356321e-01	2.764830e+00	6.633291e-01	9.432847e-01	
2  0.500138	2.445766e+00	1.134518e-01	9.271552e-01	2.783570e+00	6.683218e-01	9.306117e-01	
1  1.02157	2.335292e+00	1.107176e-01	9.243145e-01	2.877791e+00	6.516557e-01	9.211733e-01	
1  2.12618	2.343230e+00	1.137379e-01	8.968093e-01	2.948504e+00	6.522290e-01	8.904594e-01	
1  1.98499	2.563879e+00	1.175897e-01	8.929581e-01	2.917193e+00	6.700992e-01	8.889777e-01	
1  2.08079	2.563879e+00	1.175897e-01	8.929581e-01	2.917193e+00	6.700992e-01	8.884907e-01	
1  2.20983	2.477172e+00	1.164106e-01	8.934276e-01	2.932726e+00	6.625002e-01	8.863332e-01	
1  2.37187	2.702055e+00	1.195037e-01	8.923273e-01	2.946125e+00	6.773205e-01	8.796168e-01	
1  1.92965	2.822660e+00	1.192000e-01	9.052938e-01	2.961341e+00	6.768582e-01	8.866456e-01	
1  1.70212	3.027507e+00	1.195202e-01	9.155094e-01	2.997441e+00	6.788598e-01	8.926596e-01	
1  1.49144	3.204837e+00	1.225691e-01	9.118086e-01	2.978149e+00	6.898444e-01	8.915293e-01	
2  1.33385	3.204837e+00	1.225691e-01	9.118086e-01	2.978149e+00	6.898444e-01	8.924864e-01	
3  1.13408	3.286910e+00	1.242869e-01	9.109320e-01	2.953312e+00	6.984373e-01	8.924409e-01	
1  1.82411	3.197017e+00	1.193052e-01	9.210715e-01	3.070004e+00	6.735650e-01	8.942851e-01	
2  1.77555	3.197017e+00	1.193052e-01	9.210715e-01	3.070004e+00	6.735650e-01	8.945406e-01	
1  1.28851	3.245470e+00	1.208254e-01	9.191439e-01	3.016383e+00	6.803099e-01	9.005752e-01	
1  1.03878	3.160679e+00	1.184171e-01	9.286958e-01	2.999702e+00	6.725708e-01	9.129131e-01	
1  1.05051	3.208713e+00	1.174209e-01	9.355999e-01	3.028057e+00	6.712006e-01	9.162603e-01	
1  0.9474	3.159673e+00	1.166356e-01	9.403530e-01	3.017954e+00	6.665712e-01	9.194030e-01	
1  0.959275	3.159673e+00	1.166356e-01	9.403530e-01	3.017954e+00	6.665712e-01	9.193159e-01	
1  0.968817	3.074602e+00	1.157895e-01	9.422991e-01	3.011662e+00	6.642298e-01	9.183830e-01	
1  0.667872	3.176771e+00	1.176982e-01	9.423770e-01	2.988242e+00	6.720245e-01	9.186251e-01	
1  0.426555	3.241557e+00	1.183016e-01	9.470421e-01	2.966331e+00	6.733151e-01	9.246570e-01	
1  0.172669	3.471522e+00	1.214681e-01	9.502859e-01	2.953193e+00	6.847483e-01	9.243312e-01	
1  0.157216	3.530856e+00	1.208271e-01	9.582673e-01	2.988503e+00	6.829652e-01	9.243298e-01	
1  0.123441	3.530856e+00	1.208271e-01	9.582673e-01	2.988503e+00	6.829652e-01	9.253133e-01	
1  0.0822846	3.495929e+00	1.195974e-01	9.676097e-01	2.940301e+00	6.872634e-01	9.386279e-01	
1  0.227479	3.444851e+00	1.184566e-01	9.613695e-01	3.019586e+00	6.768821e-01	9.266712e-01	
1  0.455996	3.164244e+00	1.136997e-01	9.707080e-01	3.024359e+00	6.600458e-01	9.332414e-01	
2  0.247172	3.387169e+00	1.189621e-01	9.554877e-01	2.998146e+00	6.774788e-01	9.240624e-01	
1  0.216624	3.387169e+00	1.189621e-01	9.554877e-01	2.998146e+00	6.774788e-01	9.245992e-01	
1  0.132022	3.653634e+00	1.247680e-01	9.434147e-01	2.955277e+00	7.014032e-01	9.172616e-01	
1  0.135675	3.779661e+00	1.284854e-01	9.347499e-01	2.905107e+00	7.151841e-01	9.144373e-01	
1  0.221676	3.955097e+00	1.291980e-01	9.422822e-01	2.904133e+00	7.249065e-01	9.223895e-01	
1  0.302269	3.985349e+00	1.282096e-01	9.508676e-01	2.927746e+00	7.209025e-01	9.253375e-01	
1  0.123882	3.695767e+00	1.239923e-01	9.477708e-01	2.973461e+00	7.023510e-01	9.210306e-01	
1  0.119418	3.695767e+00	1.239923e-01	9.477708e-01	2.973461e+00	7.023510e-01	9.219262e-01	
1  0.118124	3.648669e+00	1.226210e-01	9.524468e-01	2.982397e+00	6.993971e-01	9.242271e-01	
1  0.182334	3.744768e+00	1.266559e-01	9.455676e-01	2.920429e+00	7.146253e-01	9.180298e-01	
1  0.190749	3.753926e+00	1.262889e-01	9.474934e-01	2.927415e+00	7.144370e-01	9.193442e-01	
2  0.395918	3.909404e+00	1.297528e-01	9.455744e-01	2.859758e+00	7.307916e-01	9.229809e-01	
2  0.40166	3.909404e+00	1.297528e-01	9.455744e-01	2.859758e+00	7.307916e-01	9.230566e-01	
1  0.222185	3.924410e+00	1.321207e-01	9.314923e-01	2.867467e+00	7.350313e-01	9.085017e-01	
1  0.211456	3.892796e+00	1.329268e-01	9.288436e-01	2.843363e+00	7.369994e-01	9.056934e-01	
1  0.19224	3.774442e+00	1.311406e-01	9.300053e-01	2.839903e+00	7.323412e-01	9.083443e-01	
1  0.197669	3.712598e+00	1.298099e-01	9.326080e-01	2.850121e+00	7.305917e-01	9.087704e-01	
1  0.207067	3.712598e+00	1.298099e-01	9.326080e-01	2.850121e+00	7.305917e-01	9.092234e-01	
1  0.244761	3.675560e+00	1.271823e-01	9.438934e-01	2.876707e+00	7.224833e-01	9.167669e-01	
1  0.190469	3.618137e+00	1.258173e-01	9.452772e-01	2.919622e+00	7.138012e-01	9.121292e-01	
1  0.215296	3.649937e+00	1.248406e-01	9.529860e-01	2.932050e+00	7.095766e-01	9.182935e-01	
2  0.547134	3.967112e+00	1.293196e-01	9.517017e-01	2.903138e+00	7.309907e-01	9.197685e-01	
2  0.548186	3.967112e+00	1.293196e-01	9.517017e-01	2.903138e+00	7.309907e-01	9.197799e-01	
1  0.215329	3.885195e+00	1.283067e-01	9.427394e-01	2.967712e+00	7.206483e-01	9.082318e-01	
3  0.241797	3.881868e+00	1.303516e-01	9.269601e-01	2.979265e+00	7.228613e-01	8.942756e-01	
2  0.234437	3.881868e+00	1.303516e-01	9.269601e-01	2.979265e+00	7.228613e-01	8.945825e-01	
3  0.23857	3.959744e+00	1.305857e-01	9.267225e-01	2.989553e+00	7.304861e-01	8.960817e-01	
2  0.290918	3.820339e+00	1.257716e-01	9.366533e-01	3.066070e+00	7.129189e-01	8.995851e-01	
1  0.293039	3.837997e+00	1.252086e-01	9.417927e-01	3.097240e+00	7.040430e-01	8.987686e-01	
1  0.445821	3.731063e+00	1.243916e-01	9.366574e-01	3.101263e+00	6.918608e-01	8.978720e-01	
1  0.964507	3.459929e+00	1.181583e-01	9.463874e-01	3.150850e+00	6.640315e-01	9.080039e-01	
1  0.436301	3.621856e+00	1.199531e-01	9.497323e-01	3.117207e+00	6.763692e-01	9.154346e-01	
1  1.23095	3.396111e+00	1.160403e-01	9.501463e-01	3.164858e+00	6.534701e-01	9.152699e-01	
1  1.5302	3.396111e+00	1.160403e-01	9.501463e-01	3.164858e+00	6.534701e-01	9.134773e-01	
3  1.44953	3.704500e+00	1.213588e-01	9.346557e-01	3.191551e+00	6.707512e-01	8.995032e-01	
1  0.703219	3.781561e+00	1.223515e-01	9.404656e-01	3.141347e+00	6.826239e-01	9.075653e-01	
1  0.632579	3.935882e+00	1.287537e-01	9.191025e-01	3.074454e+00	6.986528e-01	8.955967e-01	
3  0.799492	3.935882e+00	1.287537e-01	9.191025e-01	3.074454e+00	6.986528e-01	8.940810e-01	
2  0.474381	3.834211e+00	1.264833e-01	9.301251e-01	3.043381e+00	6.926017e-01	9.063584e-01	
1  0.599387	3.708254e+00	1.244138e-01	9.319510e-01	3.046882e+00	6.805614e-01	9.105520e-01	
1  0.48957	3.708254e+00	1.244138e-01	9.319510e-01	3.046882e+00	6.805614e-01	9.116869e-01	
1  1.2176	3.708570e+00	1.242068e-01	9.230869e-01	3.122560e+00	6.731265e-01	8.990774e-01	
1  1.75685	3.615904e+00	1.211790e-01	9.290162e-01	3.174957e+00	6.607335e-01	9.001939e-01	
2  1.52499	3.858370e+00	1.283282e-01	9.071248e-01	3.117245e+00	6.809056e-01	8.884955e-01	
1  1.93396	3.848057e+00	1.275674e-01	9.062481e-01	3.154738e+00	6.776769e-01	8.847347e-01	
2  1.84544	3.848057e+00	1.275674e-01	9.062481e-01	3.154738e+00	6.776769e-01	8.851948e-01	
4  1.43487	3.984494e+00	1.291540e-01	9.088692e-01	3.151397e+00	6.862354e-01	8.852446e-01	
1  1.63265	3.984494e+00	1.291540e-01	9.088692e-01	3.151397e+00	6.862354e-01	8.840941e-01	
1  1.85271	3.801229e+00	1.256381e-01	9.145964e-01	3.162379e+00	6.747493e-01	8.896196e-01	
2  1.60837	3.838787e+00	1.256839e-01	9.155346e-01	3.152449e+00	6.770585e-01	8.946701e-01	
2  2.47302	3.866140e+00	1.272342e-01	9.037363e-01	3.184995e+00	6.775875e-01	8.814774e-01	
1  2.29647	3.866140e+00	1.272342e-01	9.037363e-01	3.184995e+00	6.775875e-01	8.822852e-01	
1  3.57831	3.862562e+00	1.270488e-01	8.970516e-01	3.246846e+00	6.717154e-01	8.714731e-01	
1  2.02273	3.956251e+00	1.277236e-01	9.041927e-01	3.185166e+00	6.801481e-01	8.870654e-01	
3  1.91037	3.972906e+00	1.281291e-01	9.043974e-01	3.177976e+00	6.801883e-01	8.875860e-01	
2  1.85459	3.972906e+00	1.281291e-01	9.043974e-01	3.177976e+00	6.801883e-01	8.878780e-01	
3  1.82346	3.983939e+00	1.276517e-01	9.073096e-01	3.190541e+00	6.797633e-01	8.885557e-01	
1  1.99114	3.934000e+00	1.270051e-01	9.069911e-01	3.191921e+00	6.720736e-01	8.901577e-01	
1  2.03584	3.934000e+00	1.270051e-01	9.069911e-01	3.191921e+00	6.720736e-01	8.899320e-01	
3  2.50352	3.835404e+00	1.226159e-01	9.202883e-01	3.251349e+00	6.577767e-01	8.968683e-01	
1  1.45048	3.963944e+00	1.246991e-01	9.234454e-01	3.206692e+00	6.704569e-01	9.015074e-01	
1  1.33321	3.947787e+00	1.223216e-01	9.350699e-01	3.220295e+00	6.596070e-01	9.133840e-01	
6  1.41877	3.947787e+00	1.223216e-01	9.350699e-01	3.220295e+00	6.596070e-01	9.128617e-01	
6  1.43394	3.947787e+00	1.223216e-01	9.350699e-01	3.220295e+00	6.596070e-01	9.127709e-01	
4  1.5305	3.947787e+00	1.223216e-01	9.350699e-01	3.220295e+00	6.596070e-01	9.122048e-01	
2  3.34354	3.706582e+00	1.193393e-01	9.284032e-01	3.274532e+00	6.469833e-01	9.010936e-01	
1  2.85958	3.706582e+00	1.193393e-01	9.284032e-01	3.274532e+00	6.469833e-01	9.030288e-01	
2  2.17972	3.841876e+00	1.217266e-01	9.267814e-01	3.255795e+00	6.527140e-01	9.031768e-01	
1  2.10413	3.879596e+00	1.251849e-01	9.129168e-01	3.219876e+00	6.639401e-01	8.918851e-01	
1  2.2525	3.744701e+00	1.241607e-01	9.128137e-01	3.203222e+00	6.601580e-01	8.907678e-01	
1  1.59217	3.627088e+00	1.236766e-01	9.167945e-01	3.134739e+00	6.603268e-01	8.981491e-01	
1  1.62055	3.627088e+00	1.236766e-01	9.167945e-01	3.134739e+00	6.603268e-01	8.979877e-01	
2  2.1052	3.478917e+00	1.218165e-01	9.174960e-01	3.149983e+00	6.487994e-01	8.956146e-01	
1  1.82843	3.780653e+00	1.282452e-01	9.017989e-01	3.117282e+00	6.704919e-01	8.866094e-01	
1  1.56629	3.687260e+00	1.264329e-01	9.110322e-01	3.110862e+00	6.638443e-01	8.909470e-01	
1  1.17055	3.672272e+00	1.247179e-01	9.204506e-01	3.102334e+00	6.591340e-01	9.025337e-01	
1  1.29668	3.672272e+00	1.247179e-01	9.204506e-01	3.102334e+00	6.591340e-01	9.016996e-01	
2  0.751868	3.687386e+00	1.253270e-01	9.244019e-01	3.049092e+00	6.685033e-01	9.082372e-01	
1  0.592773	3.810377e+00	1.286545e-01	9.168072e-01	3.008262e+00	6.850129e-01	9.044217e-01	
1  0.542379	3.751209e+00	1.269852e-01	9.217723e-01	3.010600e+00	6.774231e-01	9.106045e-01	
1  1.31734	3.678160e+00	1.285864e-01	9.039941e-01	3.024553e+00	6.735139e-01	8.945249e-01	
2  1.30643	3.678160e+00	1.285864e-01	9.039941e-01	3.024553e+00	6.735139e-01	8.945962e-01	
1  0.888879	3.648755e+00	1.268254e-01	9.140656e-01	3.015782e+00	6.750038e-01	9.030266e-01	
2  0.885503	3.891102e+00	1.317319e-01	9.045855e-01	3.003734e+00	6.933036e-01	8.928723e-01	
1  1.88631	3.522389e+00	1.235578e-01	9.146082e-01	3.120457e+00	6.633992e-01	8.906347e-01	
1  1.61647	3.522389e+00	1.235578e-01	9.146082e-01	3.120457e+00	6.633992e-01	8.920919e-01	
2  2.54371	3.513528e+00	1.224918e-01	9.130200e-01	3.192065e+00	6.572601e-01	8.831952e-01	
3  3.14367	3.378327e+00	1.194480e-01	9.178015e-01	3.222360e+00	6.457928e-01	8.856761e-01	
1  3.09652	3.378327e+00	1.194480e-01	9.178015e-01	3.222360e+00	6.457928e-01	8.858624e-01	
1  2.95943	3.369179e+00	1.185610e-01	9.238467e-01	3.226322e+00	6.430675e-01	8.893421e-01	
2  2.38664	3.395525e+00	1.205484e-01	9.200977e-01	3.183062e+00	6.482672e-01	8.881374e-01	
1  3.08051	3.451082e+00	1.224256e-01	9.088024e-01	3.205523e+00	6.531477e-01	8.765571e-01	
1  2.60361	3.557363e+00	1.257452e-01	8.995949e-01	3.154575e+00	6.675434e-01	8.747457e-01	
1  2.8177	3.557363e+00	1.257452e-01	8.995949e-01	3.154575e+00	6.675434e-01	8.738304e-01	
1  2.9587	3.333023e+00	1.241738e-01	8.945049e-01	3.113260e+00	6.622824e-01	8.756049e-01	
1  3.40612	3.335316e+00	1.248510e-01	8.888141e-01	3.120231e+00	6.603779e-01	8.714765e-01	
2  3.30129	3.406931e+00	1.248206e-01	8.917691e-01	3.136342e+00	6.587358e-01	8.746204e-01	
1  3.68295	3.230066e+00	1.174358e-01	9.178600e-01	3.216029e+00	6.350129e-01	8.890546e-01	
2  3.43257	3.230066e+00	1.174358e-01	9.178600e-01	3.216029e+00	6.350129e-01	8.899853e-01	
3  3.96693	3.406024e+00	1.194848e-01	9.136130e-01	3.265230e+00	6.443239e-01	8.793754e-01	
1  2.60314	3.450396e+00	1.200769e-01	9.187923e-01	3.206917e+00	6.520602e-01	8.904434e-01	
2  3.1329	3.450396e+00	1.200769e-01	9.187923e-01	3.206917e+00	6.520602e-01	8.882534e-01	
1  1.81305	3.639386e+00	1.230823e-01	9.196705e-01	3.148056e+00	6.670518e-01	8.960085e-01	
1  1.8894	3.599446e+00	1.227567e-01	9.235883e-01	3.158531e+00	6.637027e-01	8.914571e-01	
1  1.52512	3.673074e+00	1.243228e-01	9.233302e-01	3.137881e+00	6.703791e-01	8.909790e-01	
1  1.22299	3.523705e+00	1.208881e-01	9.358772e-01	3.116323e+00	6.594909e-01	9.053668e-01	
1  1.1259	3.523705e+00	1.208881e-01	9.358772e-01	3.116323e+00	6.594909e-01	9.060048e-01	
1  1.04839	3.562894e+00	1.202383e-01	9.419797e-01	3.131976e+00	6.579270e-01	9.094355e-01	
1  0.435679	3.587774e+00	1.193286e-01	9.547192e-01	3.081777e+00	6.637294e-01	9.256213e-01	
1  0.214451	3.625963e+00	1.230472e-01	9.463391e-01	3.015019e+00	6.758543e-01	9.183430e-01	
2  0.233341	3.800159e+00	1.287154e-01	9.295997e-01	2.970995e+00	6.987719e-01	9.045023e-01	
2  0.23213	3.800159e+00	1.287154e-01	9.295997e-01	2.970995e+00	6.987719e-01	9.045287e-01	
1  0.945663	3.542598e+00	1.231999e-01	9.322747e-01	3.088152e+00	6.679464e-01	8.968983e-01	
2  1.1773	3.463546e+00	1.209950e-01	9.363651e-01	3.112403e+00	6.563955e-01	9.008486e-01	
1  1.10007	3.648069e+00	1.275758e-01	9.142645e-01	3.047039e+00	6.809354e-01	8.879632e-01	
1  1.21787	3.648069e+00	1.275758e-01	9.142645e-01	3.047039e+00	6.809354e-01	8.871632e-01	
1  0.646178	3.627141e+00	1.228306e-01	9.410788e-01	3.079533e+00	6.697107e-01	9.064584e-01	
1  0.436046	3.706993e+00	1.232831e-01	9.473593e-01	3.079866e+00	6.680127e-01	9.099541e-01	
1  0.635611	3.493183e+00	1.196399e-01	9.547025e-01	3.084918e+00	6.522024e-01	9.155708e-01	
1  0.425808	3.667377e+00	1.250554e-01	9.396277e-01	3.034929e+00	6.700573e-01	9.060845e-01	
1  0.219475	3.696462e+00	1.243528e-01	9.467374e-01	3.017370e+00	6.726004e-01	9.156677e-01	
1  0.249927	3.696462e+00	1.243528e-01	9.467374e-01	3.017370e+00	6.726004e-01	9.151355e-01	
1  0.201471	3.488994e+00	1.207412e-01	9.571132e-01	2.992289e+00	6.660192e-01	9.250614e-01	
1  0.069565	3.655543e+00	1.225886e-01	9.611660e-01	2.975317e+00	6.771403e-01	9.285508e-01	
1  0.254413	3.377446e+00	1.161738e-01	9.746151e-01	3.018605e+00	6.566023e-01	9.375476e-01	
2  0.0659975	3.654378e+00	1.203020e-01	9.711504e-01	3.007759e+00	6.701963e-01	9.358867e-01	
1  0.0528642	3.654378e+00	1.203020e-01	9.711504e-01	3.007759e+00	6.701963e-01	9.368755e-01	
2  0.0973366	3.843191e+00	1.254026e-01	9.584266e-01	2.964151e+00	6.859104e-01	9.295041e-01	
1  0.0753541	3.773607e+00	1.255068e-01	9.537730e-01	2.941154e+00	6.841498e-01	9.293034e-01	
1  0.129622	3.702992e+00	1.250239e-01	9.446109e-01	2.978115e+00	6.793138e-01	9.204327e-01	
1  0.466208	3.746090e+00	1.267354e-01	9.294622e-01	3.025458e+00	6.760655e-01	9.061164e-01	
1  0.344941	3.746090e+00	1.267354e-01	9.294622e-01	3.025458e+00	6.760655e-01	9.076964e-01	
2  0.628034	3.536164e+00	1.214246e-01	9.412664e-01	3.089229e+00	6.581669e-01	9.102789e-01	
2  0.339452	3.823313e+00	1.278373e-01	9.293927e-01	3.040824e+00	6.822880e-01	9.019619e-01	
1  0.21663	3.702384e+00	1.268663e-01	9.324369e-01	2.985505e+00	6.823006e-01	9.095328e-01	
1  0.25122	3.702384e+00	1.268663e-01	9.324369e-01	2.985505e+00	6.823006e-01	9.088300e-01	
2  0.336963	3.950549e+00	1.336512e-01	9.118963e-01	2.924456e+00	7.075688e-01	8.992438e-01	
1  0.863887	3.578537e+00	1.279812e-01	9.104459e-01	2.980143e+00	6.754112e-01	8.980537e-01	
2  0.980584	3.530190e+00	1.292863e-01	9.037748e-01	2.943869e+00	6.824921e-01	8.926426e-01	
1  0.928714	3.530190e+00	1.292863e-01	9.037748e-01	2.943869e+00	6.824921e-01	8.930532e-01	
1  0.624043	3.792335e+00	1.340553e-01	9.015150e-01	2.887845e+00	7.008676e-01	8.948046e-01	
1  0.797496	3.718827e+00	1.333438e-01	8.987586e-01	2.896426e+00	6.975801e-01	8.920399e-01	
1  0.835686	3.501946e+00	1.306351e-01	9.020308e-01	2.890167e+00	6.876578e-01	8.928813e-01	
1  0.894815	3.436396e+00	1.297056e-01	9.026870e-01	2.897700e+00	6.835968e-01	8.919849e-01	
1  0.754927	3.432294e+00	1.290259e-01	9.067177e-01	2.900972e+00	6.851188e-01	8.939815e-01	
2  0.85822	3.432294e+00	1.290259e-01	9.067177e-01	2.900972e+00	6.851188e-01	8.930792e-01	
1  1.13051	3.618331e+00	1.327350e-01	8.973179e-01	2.904042e+00	6.981345e-01	8.835472e-01	
2  1.36134	3.453307e+00	1.297157e-01	8.992280e-01	2.942843e+00	6.883615e-01	8.809923e-01	
1  1.20143	3.550449e+00	1.314763e-01	8.992358e-01	2.923045e+00	6.948390e-01	8.812947e-01	
1  1.15388	3.550449e+00	1.314763e-01	8.992358e-01	2.923045e+00	6.948390e-01	8.816231e-01	
1  1.76339	3.337152e+00	1.272745e-01	8.997715e-01	2.998588e+00	6.781026e-01	8.759132e-01	
1  1.02782	3.332756e+00	1.268888e-01	9.079056e-01	2.941890e+00	6.785176e-01	8.899453e-01	
1  1.11108	3.338967e+00	1.229645e-01	9.220251e-01	3.038780e+00	6.661866e-01	8.940422e-01	
1  1.17888	3.449458e+00	1.280997e-01	9.058867e-01	2.974288e+00	6.856776e-01	8.834998e-01	
1  1.42055	3.527527e+00	1.314263e-01	8.957003e-01	2.937176e+00	6.929486e-01	8.777012e-01	
1  1.52804	3.527527e+00	1.314263e-01	8.957003e-01	2.937176e+00	6.929486e-01	8.770504e-01	
1  1.00648	3.393644e+00	1.281434e-01	9.079825e-01	2.928375e+00	6.868774e-01	8.873519e-01	
1  0.574297	3.429399e+00	1.264782e-01	9.229427e-01	2.941841e+00	6.803471e-01	8.971583e-01	
1  0.544397	3.773619e+00	1.340139e-01	9.072149e-01	2.866928e+00	7.084267e-01	8.932276e-01	
1  0.571189	3.790159e+00	1.350703e-01	9.035460e-01	2.838436e+00	7.147044e-01	8.936711e-01	
1  0.713779	3.717238e+00	1.338667e-01	9.035177e-01	2.868234e+00	7.090742e-01	8.890747e-01	
1  0.818739	3.717238e+00	1.338667e-01	9.035177e-01	2.868234e+00	7.090742e-01	8.881318e-01	
2  0.474827	3.883188e+00	1.347435e-01	9.104883e-01	2.875520e+00	7.147035e-01	8.932506e-01	
1  0.51646	3.820722e+00	1.323272e-01	9.146283e-01	2.925430e+00	7.068834e-01	8.928391e-01	
1  0.714336	3.862382e+00	1.333598e-01	9.089600e-01	2.939645e+00	7.075360e-01	8.875926e-01	
1  0.621493	3.849063e+00	1.321936e-01	9.138029e-01	2.956852e+00	7.041888e-01	8.898758e-01	
1  0.703069	3.849063e+00	1.321936e-01	9.138029e-01	2.956852e+00	7.041888e-01	8.890885e-01	
1  0.978793	3.856654e+00	1.307928e-01	9.151560e-01	3.027360e+00	7.017624e-01	8.825755e-01	
1  0.958215	3.899248e+00	1.329865e-01	9.109979e-01	2.992031e+00	7.066874e-01	8.797636e-01	
1  1.27751	3.879481e+00	1.333632e-01	9.051490e-01	2.997753e+00	7.026424e-01	8.765436e-01	
1  0.687687	3.979923e+00	1.346337e-01	9.097261e-01	2.944899e+00	7.114571e-01	8.869632e-01	
1  0.586866	3.919760e+00	1.322604e-01	9.172876e-01	2.973483e+00	7.041250e-01	8.906698e-01	
1  0.476246	3.919760e+00	1.322604e-01	9.172876e-01	2.973483e+00	7.041250e-01	8.919106e-01	
2  0.667441	3.726724e+00	1.293353e-01	9.173993e-01	2.986568e+00	6.958507e-01	8.923483e-01	
2  0.398092	3.853315e+00	1.328004e-01	9.173111e-01	2.920829e+00	7.086031e-01	8.930637e-01	
1  0.652791	3.785884e+00	1.298666e-01	9.199285e-01	3.006421e+00	6.985233e-01	8.880413e-01	
1  0.710813	3.785884e+00	1.298666e-01	9.199285e-01	3.006421e+00	6.985233e-01	8.874979e-01	
1  0.730012	3.843999e+00	1.313435e-01	9.151353e-01	2.991203e+00	7.041712e-01	8.863692e-01	
1  0.701057	3.648535e+00	1.287139e-01	9.174528e-01	2.965733e+00	6.983627e-01	8.927159e-01	
2  1.0809	3.444008e+00	1.256278e-01	9.167555e-01	2.995523e+00	6.855888e-01	8.905334e-01	
1  0.81176	3.482590e+00	1.280958e-01	9.129127e-01	2.923989e+00	6.975275e-01	8.922217e-01	
1  0.806092	3.482590e+00	1.280958e-01	9.129127e-01	2.923989e+00	6.975275e-01	8.922696e-01	
1  0.405562	3.499213e+00	1.258508e-01	9.277512e-01	2.929037e+00	6.959408e-01	9.049544e-01	
1  0.54679	3.589960e+00	1.283282e-01	9.179906e-01	2.923638e+00	7.018296e-01	8.989031e-01	
1  0.590534	3.588210e+00	1.288201e-01	9.181604e-01	2.927940e+00	7.014193e-01	8.941643e-01	
1  1.1214	3.310768e+00	1.241404e-01	9.206550e-01	2.995137e+00	6.771542e-01	8.890943e-01	
2  1.15513	3.189958e+00	1.227350e-01	9.203377e-01	2.980825e+00	6.709952e-01	8.923690e-01	
1  1.03512	3.364270e+00	1.252386e-01	9.210374e-01	2.989033e+00	6.810123e-01	8.869253e-01	
4  0.923207	3.335742e+00	1.246335e-01	9.227319e-01	2.977720e+00	6.811132e-01	8.906665e-01	
1  0.925896	3.335742e+00	1.246335e-01	9.227319e-01	2.977720e+00	6.811132e-01	8.906459e-01	
1  0.560799	3.406321e+00	1.266700e-01	9.243783e-01	2.918889e+00	6.928514e-01	8.939634e-01	
1  0.634145	3.394445e+00	1.280543e-01	9.187461e-01	2.889705e+00	6.965291e-01	8.906645e-01	
1  0.424221	3.528569e+00	1.311159e-01	9.158316e-01	2.815906e+00	7.068297e-01	8.986785e-01	
1  1.23169	3.911729e+00	1.401909e-01	8.892312e-01	2.784426e+00	7.384308e-01	8.789081e-01	
1  1.48808	3.980447e+00	1.427544e-01	8.818312e-01	2.724110e+00	7.505672e-01	8.811886e-01	
1  1.54189	3.980447e+00	1.427544e-01	8.818312e-01	2.724110e+00	7.505672e-01	8.808685e-01	
6  1.94431	3.943736e+00	1.424078e-01	8.765855e-01	2.746876e+00	7.467884e-01	8.765798e-01	
4  2.10273	3.967502e+00	1.418841e-01	8.754449e-01	2.797428e+00	7.401382e-01	8.724394e-01	
1  2.22368	3.777787e+00	1.403910e-01	8.739757e-01	2.754580e+00	7.353463e-01	8.763704e-01	
1  2.12215	3.777787e+00	1.403910e-01	8.739757e-01	2.754580e+00	7.353463e-01	8.768675e-01	
1  2.00476	3.885464e+00	1.423083e-01	8.743916e-01	2.724952e+00	7.432322e-01	8.790465e-01	
2  2.18701	3.679957e+00	1.390753e-01	8.754208e-01	2.768714e+00	7.307864e-01	8.736944e-01	
2  0.962498	3.503186e+00	1.353052e-01	8.942126e-01	2.711939e+00	7.247914e-01	8.931974e-01	
1  1.07716	3.503186e+00	1.353052e-01	8.942126e-01	2.711939e+00	7.247914e-01	8.923377e-01	
1  0.875405	3.425913e+00	1.319092e-01	9.009544e-01	2.772361e+00	7.117120e-01	8.956403e-01	
1  0.919491	3.498355e+00	1.319983e-01	9.003987e-01	2.806155e+00	7.117700e-01	8.940960e-01	
1  0.931278	3.484402e+00	1.307903e-01	9.031678e-01	2.843610e+00	7.081091e-01	8.922376e-01	
2  0.778225	3.552513e+00	1.335736e-01	9.014844e-01	2.765185e+00	7.196184e-01	8.959036e-01	
1  0.671069	3.552513e+00	1.335736e-01	9.014844e-01	2.765185e+00	7.196184e-01	8.968958e-01	
2  0.239617	3.552347e+00	1.312537e-01	9.189163e-01	2.768195e+00	7.200428e-01	9.075249e-01	
1  0.156893	3.509682e+00	1.292644e-01	9.273234e-01	2.782581e+00	7.140520e-01	9.131724e-01	
1  0.321331	3.432993e+00	1.284335e-01	9.207962e-01	2.824633e+00	7.060183e-01	9.050866e-01	
1  0.496756	3.252046e+00	1.257212e-01	9.204016e-01	2.859144e+00	6.905854e-01	9.021560e-01	
1  0.489903	3.252046e+00	1.257212e-01	9.204016e-01	2.859144e+00	6.905854e-01	9.022349e-01	
1  0.422897	3.322445e+00	1.259364e-01	9.215503e-01	2.863033e+00	6.973153e-01	9.045667e-01	
1  0.402528	3.485625e+00	1.306941e-01	9.129384e-01	2.791273e+00	7.177630e-01	9.014545e-01	
1  0.691602	3.732636e+00	1.351086e-01	9.015876e-01	2.814800e+00	7.299789e-01	8.887807e-01	
1  0.453971	3.676515e+00	1.336825e-01	9.072371e-01	2.786844e+00	7.329805e-01	8.977377e-01	
1  0.481591	3.418026e+00	1.286713e-01	9.135879e-01	2.832270e+00	7.119292e-01	9.003607e-01	
1  0.605119	3.418026e+00	1.286713e-01	9.135879e-01	2.832270e+00	7.119292e-01	8.989913e-01	
1  0.246311	3.476960e+00	1.277823e-01	9.279320e-01	2.818164e+00	7.146137e-01	9.099146e-01	
1  0.1127	3.413040e+00	1.246789e-01	9.448937e-01	2.805622e+00	7.101624e-01	9.251668e-01	
2  0.133396	3.756987e+00	1.311791e-01	9.324807e-01	2.781092e+00	7.316488e-01	9.170104e-01	
1  0.139572	3.840732e+00	1.328339e-01	9.294110e-01	2.772258e+00	7.373263e-01	9.151032e-01	
1  0.140888	3.840732e+00	1.328339e-01	9.294110e-01	2.772258e+00	7.373263e-01	9.155445e-01	
1  0.161107	3.980025e+00	1.342242e-01	9.302287e-01	2.765591e+00	7.437695e-01	9.193193e-01	
1  0.142023	3.851710e+00	1.328379e-01	9.266138e-01	2.778375e+00	7.383270e-01	9.156404e-01	
3  0.166534	3.988318e+00	1.340851e-01	9.271188e-01	2.787456e+00	7.486537e-01	9.151331e-01	
4  0.16258	3.988318e+00	1.340851e-01	9.271188e-01	2.787456e+00	7.486537e-01	9.147492e-01	
1  0.171745	3.945786e+00	1.323583e-01	9.341365e-01	2.799520e+00	7.425316e-01	9.195551e-01	
1  0.165367	3.901807e+00	1.332189e-01	9.279546e-01	2.780462e+00	7.474016e-01	9.139926e-01	
2  0.16781	3.901807e+00	1.332189e-01	9.279546e-01	2.780462e+00	7.474016e-01	9.144474e-01	
1  0.167399	3.910046e+00	1.327723e-01	9.296065e-01	2.806492e+00	7.427680e-01	9.128769e-01	
2  0.190756	3.925566e+00	1.321943e-01	9.313115e-01	2.834063e+00	7.449536e-01	9.105413e-01	
1  0.186953	3.858128e+00	1.319138e-01	9.282255e-01	2.841420e+00	7.380534e-01	9.067873e-01	
1  0.186332	3.858128e+00	1.319138e-01	9.282255e-01	2.841420e+00	7.380534e-01	9.068403e-01	
1  0.166087	3.796143e+00	1.299290e-01	9.338626e-01	2.856056e+00	7.310208e-01	9.115490e-01	
1  0.166696	3.598815e+00	1.240214e-01	9.555294e-01	2.876485e+00	7.162350e-01	9.267443e-01	
1  0.20469	3.206725e+00	1.164629e-01	9.678844e-01	2.930600e+00	6.909104e-01	9.313246e-01	
1  0.297153	3.203690e+00	1.150469e-01	9.708446e-01	2.971536e+00	6.816478e-01	9.328490e-01	
1  0.17067	3.514339e+00	1.181278e-01	9.795455e-01	2.929827e+00	7.016644e-01	9.443978e-01	
1  0.169869	3.514339e+00	1.181278e-01	9.795455e-01	2.929827e+00	7.016644e-01	9.443492e-01	
1  0.146279	3.491337e+00	1.176605e-01	9.760691e-01	2.964003e+00	6.957282e-01	9.395942e-01	
1  0.269025	3.639933e+00	1.184490e-01	9.873680e-01	2.956000e+00	7.053521e-01	9.449105e-01	
1  0.328704	3.727583e+00	1.194057e-01	9.881668e-01	2.970623e+00	7.072610e-01	9.425255e-01	
1  0.397266	3.697638e+00	1.179553e-01	9.975481e-01	2.969165e+00	7.043823e-01	9.483451e-01	
1  0.522649	3.787857e+00	1.187361e-01	9.991441e-01	2.976151e+00	7.084674e-01	9.485190e-01	
1  0.495085	3.787857e+00	1.187361e-01	9.991441e-01	2.976151e+00	7.084674e-01	9.481413e-01	
3  0.663192	3.958840e+00	1.224936e-01	9.891206e-01	2.982650e+00	7.191314e-01	9.367463e-01	
1  0.400855	3.841133e+00	1.203164e-01	9.903985e-01	2.991496e+00	7.093504e-01	9.407032e-01	
1  0.377104	3.438102e+00	1.117952e-01	1.005889e+00	3.060887e+00	6.751196e-01	9.490159e-01	
1  0.294666	3.438102e+00	1.117952e-01	1.005889e+00	3.060887e+00	6.751196e-01	9.505076e-01	
1  0.419101	3.439264e+00	1.117766e-01	1.005671e+00	3.101051e+00	6.745985e-01	9.408840e-01	
1  0.305623	3.560711e+00	1.140634e-01	1.000063e+00	3.106344e+00	6.798513e-01	9.356270e-01	
1  0.615504	3.483652e+00	1.116987e-01	1.004965e+00	3.149340e+00	6.686510e-01	9.358732e-01	
1  0.641479	3.579970e+00	1.114704e-01	1.011126e+00	3.175237e+00	6.679360e-01	9.392855e-01	
1  0.278292	3.692602e+00	1.134155e-01	1.017427e+00	3.101046e+00	6.823307e-01	9.492556e-01	
1  0.279538	3.692602e+00	1.134155e-01	1.017427e+00	3.101046e+00	6.823307e-01	9.489732e-01	
2  0.348317	3.805928e+00	1.123040e-01	1.033849e+00	3.117753e+00	6.801488e-01	9.601939e-01	
1  0.303801	3.843177e+00	1.142296e-01	1.021529e+00	3.135010e+00	6.834111e-01	9.484851e-01	
2  0.47137	3.956206e+00	1.152099e-01	1.025545e+00	3.126481e+00	6.918283e-01	9.514345e-01	
1  0.428373	3.956206e+00	1.152099e-01	1.025545e+00	3.126481e+00	6.918283e-01	9.504341e-01	
1  0.50435	3.774303e+00	1.129684e-01	1.016656e+00	3.188031e+00	6.805476e-01	9.384944e-01	
2  0.68808	3.543199e+00	1.116639e-01	1.011178e+00	3.161875e+00	6.710107e-01	9.352420e-01	
1  0.433936	3.753983e+00	1.142162e-01	1.010769e+00	3.177310e+00	6.806994e-01	9.318102e-01	
1  0.805276	3.648764e+00	1.107214e-01	1.020118e+00	3.194392e+00	6.663854e-01	9.434441e-01	
2  0.797004	3.648764e+00	1.107214e-01	1.020118e+00	3.194392e+00	6.663854e-01	9.435205e-01	
1  0.504781	3.627442e+00	1.103260e-01	1.026221e+00	3.137600e+00	6.702902e-01	9.554596e-01	
3  0.32644	3.877070e+00	1.149848e-01	1.018876e+00	3.126760e+00	6.896822e-01	9.465703e-01	
1  0.321944	3.877070e+00	1.149848e-01	1.018876e+00	3.126760e+00	6.896822e-01	9.460165e-01	
2  0.378885	3.910253e+00	1.144332e-01	1.019724e+00	3.184956e+00	6.867597e-01	9.394037e-01	
2  0.443454	3.991436e+00	1.148611e-01	1.027704e+00	3.140633e+00	6.951134e-01	9.509001e-01	
1  0.692442	3.932924e+00	1.141975e-01	1.037355e+00	3.076052e+00	6.962069e-01	9.626986e-01	
4  0.742902	3.932924e+00	1.141975e-01	1.037355e+00	3.076052e+00	6.962069e-01	9.633635e-01	
1  1.05482	3.959747e+00	1.138633e-01	1.044849e+00	3.040587e+00	6.986018e-01	9.744875e-01	
4  0.843378	3.910841e+00	1.121935e-01	1.049003e+00	3.034772e+00	6.963315e-01	9.824160e-01	
2  0.524983	3.579442e+00	1.065175e-01	1.060732e+00	3.043444e+00	6.778847e-01	9.891883e-01	
1  0.455448	3.555454e+00	1.080391e-01	1.049941e+00	3.045705e+00	6.794441e-01	9.779280e-01	
1  0.447555	3.555454e+00	1.080391e-01	1.049941e+00	3.045705e+00	6.794441e-01	9.791552e-01	
2  0.618032	3.789796e+00	1.092929e-01	1.058678e+00	3.050683e+00	6.850569e-01	9.886419e-01	
1  0.568686	3.737255e+00	1.055151e-01	1.075333e+00	3.055831e+00	6.765322e-01	1.006804e+00	
2  0.849859	3.564158e+00	1.032926e-01	1.074285e+00	3.070424e+00	6.652058e-01	1.005110e+00	
2  0.807358	3.564158e+00	1.032926e-01	1.074285e+00	3.070424e+00	6.652058e-01	1.005655e+00	
1  0.587515	3.538414e+00	1.044471e-01	1.068086e+00	3.044862e+00	6.676362e-01	1.002224e+00	
1  0.624056	3.684443e+00	1.065658e-01	1.071078e+00	2.984183e+00	6.845207e-01	1.011214e+00	
1  0.681558	3.742622e+00	1.064207e-01	1.076642e+00	3.009181e+00	6.832747e-01	1.010669e+00	
1  1.40221	3.446237e+00	9.965333e-02	1.092836e+00	3.008736e+00	6.665136e-01	1.029367e+00	
1  1.3323	3.446237e+00	9.965333e-02	1.092836e+00	3.008736e+00	6.665136e-01	1.029988e+00	
1  0.627461	3.632520e+00	1.045766e-01	1.077541e+00	3.003558e+00	6.838983e-01	1.014236e+00	
1  0.79316	3.770821e+00	1.071136e-01	1.071779e+00	3.018108e+00	6.925431e-01	1.005600e+00	
1  0.827359	3.662619e+00	1.031846e-01	1.083686e+00	3.089394e+00	6.782002e-01	1.005675e+00	
1  0.784373	3.700677e+00	1.042105e-01	1.075094e+00	3.115781e+00	6.797998e-01	9.976341e-01	
1  0.689741	3.646329e+00	1.046122e-01	1.070638e+00	3.095187e+00	6.780895e-01	9.961746e-01	
4  0.642642	3.646329e+00	1.046122e-01	1.070638e+00	3.095187e+00	6.780895e-01	9.973976e-01	
1  0.998354	3.903024e+00	1.071593e-01	1.079504e+00	3.085091e+00	6.934409e-01	1.000661e+00	
1  1.13258	3.869092e+00	1.052870e-01	1.094756e+00	3.059392e+00	6.934525e-01	1.012584e+00	
1  1.17899	3.869092e+00	1.052870e-01	1.094756e+00	3.059392e+00	6.934525e-01	1.013250e+00	
1  0.883377	3.809364e+00	1.028031e-01	1.102341e+00	3.113177e+00	6.791799e-01	1.013551e+00	
1  0.950715	3.774718e+00	1.015319e-01	1.111558e+00	3.074328e+00	6.791565e-01	1.026184e+00	
1  1.40964	3.672426e+00	9.922232e-02	1.114274e+00	3.111126e+00	6.738734e-01	1.023864e+00	
1  1.05712	3.745993e+00	1.020857e-01	1.108668e+00	3.050531e+00	6.908279e-01	1.022558e+00	
1  2.88793	3.461693e+00	9.775276e-02	1.096746e+00	3.180236e+00	6.627408e-01	1.004026e+00	
2  3.10331	3.461693e+00	9.775276e-02	1.096746e+00	3.180236e+00	6.627408e-01	1.002937e+00	
1  1.99203	3.523607e+00	9.919006e-02	1.097101e+00	3.150314e+00	6.730520e-01	1.003235e+00	
2  3.61518	3.417616e+00	9.671114e-02	1.101579e+00	3.178694e+00	6.627796e-01	1.004853e+00	
1  1.85614	3.450625e+00	9.896102e-02	1.096988e+00	3.119267e+00	6.698038e-01	1.006206e+00	
1  1.89731	3.450625e+00	9.896102e-02	1.096988e+00	3.119267e+00	6.698038e-01	1.005907e+00	
1  0.983703	3.565946e+00	1.024738e-01	1.080696e+00	3.091952e+00	6.857371e-01	9.993414e-01	
3  0.767841	3.659934e+00	1.061385e-01	1.067345e+00	3.063507e+00	6.982127e-01	9.899354e-01	
1  0.720556	3.541451e+00	1.053250e-01	1.059581e+00	3.090171e+00	6.917574e-01	9.811897e-01	
1  0.680575	3.541451e+00	1.053250e-01	1.059581e+00	3.090171e+00	6.917574e-01	9.829269e-01	
1  0.769881	3.498475e+00	1.054229e-01	1.050063e+00	3.141254e+00	6.884972e-01	9.687853e-01	
1  0.754391	3.491133e+00	1.077290e-01	1.027750e+00	3.170657e+00	6.927474e-01	9.493813e-01	
1  0.814775	3.496114e+00	1.088007e-01	1.021294e+00	3.195852e+00	6.961107e-01	9.367380e-01	
1  1.02658	3.447313e+00	1.089021e-01	1.013711e+00	3.219296e+00	6.923919e-01	9.284830e-01	
1  1.50852	3.414988e+00	1.084200e-01	1.010474e+00	3.258985e+00	6.916920e-01	9.198367e-01	
1  1.38084	3.414988e+00	1.084200e-01	1.010474e+00	3.258985e+00	6.916920e-01	9.207426e-01	
2  0.962841	3.474708e+00	1.084049e-01	1.020302e+00	3.225780e+00	6.944869e-01	9.315605e-01	
1  0.731635	3.482053e+00	1.127055e-01	9.949690e-01	3.195828e+00	7.093581e-01	9.118943e-01	
1  0.604633	3.407454e+00	1.130976e-01	9.917373e-01	3.149066e+00	7.105456e-01	9.137611e-01	
1  0.623755	3.612328e+00	1.180237e-01	9.828289e-01	3.124883e+00	7.297323e-01	9.022258e-01	
3  0.647915	3.612328e+00	1.180237e-01	9.828289e-01	3.124883e+00	7.297323e-01	9.033031e-01	
2  0.705347	3.519177e+00	1.147270e-01	1.000525e+00	3.132090e+00	7.193745e-01	9.135423e-01	
1  0.766388	3.608318e+00	1.157560e-01	9.984670e-01	3.146291e+00	7.264637e-01	9.101848e-01	
1  0.878724	3.608318e+00	1.157560e-01	9.984670e-01	3.146291e+00	7.264637e-01	9.124293e-01	
2  0.898058	3.423294e+00	1.146935e-01	9.975194e-01	3.090282e+00	7.238440e-01	9.162327e-01	
1  1.63808	3.691748e+00	1.189129e-01	9.956821e-01	3.057208e+00	7.401857e-01	9.173155e-01	
1  0.983421	3.611853e+00	1.153423e-01	1.002603e+00	3.121303e+00	7.255170e-01	9.211117e-01	
1  0.654275	3.297910e+00	1.095120e-01	1.016582e+00	3.119522e+00	7.033479e-01	9.338717e-01	
2  0.638707	3.297910e+00	1.095120e-01	1.016582e+00	3.119522e+00	7.033479e-01	9.321339e-01	
1  0.820855	3.319642e+00	1.096809e-01	1.024747e+00	3.077859e+00	7.086551e-01	9.395830e-01	
1  1.44205	3.479588e+00	1.147635e-01	1.011129e+00	3.031176e+00	7.307479e-01	9.284874e-01	
1  1.17086	3.374233e+00	1.112078e-01	1.024024e+00	3.037626e+00	7.185157e-01	9.415323e-01	
1  0.765532	3.319777e+00	1.098834e-01	1.020274e+00	3.111166e+00	7.096251e-01	9.308041e-01	
2  0.754592	3.319777e+00	1.098834e-01	1.020274e+00	3.111166e+00	7.096251e-01	9.302631e-01	
1  0.689481	3.331808e+00	1.102907e-01	1.014554e+00	3.120628e+00	7.095477e-01	9.279151e-01	
1  0.89547	3.448649e+00	1.140007e-01	1.005480e+00	3.073822e+00	7.239449e-01	9.232898e-01	
1  0.594365	3.068798e+00	1.103016e-01	1.000878e+00	3.043705e+00	7.069718e-01	9.250049e-01	
1  0.511579	3.119899e+00	1.132359e-01	9.822734e-01	3.076901e+00	7.056003e-01	9.067106e-01	
1  0.546401	3.119899e+00	1.132359e-01	9.822734e-01	3.076901e+00	7.056003e-01	9.053536e-01	
1  0.473699	3.519515e+00	1.210291e-01	9.593962e-01	3.072738e+00	7.280486e-01	8.913063e-01	
1  0.549248	3.576624e+00	1.200009e-01	9.721232e-01	3.078774e+00	7.303410e-01	8.985833e-01	
1  1.03735	3.714815e+00	1.220716e-01	9.795752e-01	3.008566e+00	7.421201e-01	9.097186e-01	
2  2.11812	3.978056e+00	1.261842e-01	9.809394e-01	2.949132e+00	7.615740e-01	9.157678e-01	
3  2.44301	3.978056e+00	1.261842e-01	9.809394e-01	2.949132e+00	7.615740e-01	9.173765e-01	
3  2.12887	3.870164e+00	1.231219e-01	9.880432e-01	2.965844e+00	7.483581e-01	9.260479e-01	
1  2.08819	3.870164e+00	1.231219e-01	9.880432e-01	2.965844e+00	7.483581e-01	9.258366e-01	
2  2.77863	3.991057e+00	1.250441e-01	9.883200e-01	2.942902e+00	7.578574e-01	9.272127e-01	
3  2.04092	3.976611e+00	1.252212e-01	9.805347e-01	2.972738e+00	7.544534e-01	9.203017e-01	
2  1.71435	3.976611e+00	1.252212e-01	9.805347e-01	2.972738e+00	7.544534e-01	9.184758e-01	
2  1.85928	3.977071e+00	1.227681e-01	9.936133e-01	3.010760e+00	7.459479e-01	9.253237e-01	
2  1.45734	3.844765e+00	1.208185e-01	9.971895e-01	3.033116e+00	7.359568e-01	9.221161e-01	
1  1.49479	3.844765e+00	1.208185e-01	9.971895e-01	3.033116e+00	7.359568e-01	9.223748e-01	
1  1.10664	3.795242e+00	1.212305e-01	9.886767e-01	3.040335e+00	7.345056e-01	9.154770e-01	
1  0.664447	3.788193e+00	1.226827e-01	9.730883e-01	3.080396e+00	7.365298e-01	8.982470e-01	
2  0.528636	3.740801e+00	1.202973e-01	9.737826e-01	3.151892e+00	7.276469e-01	8.950851e-01	
1  0.577938	3.669796e+00	1.197178e-01	9.668826e-01	3.170961e+00	7.229744e-01	8.906452e-01	
1  0.571087	3.669796e+00	1.197178e-01	9.668826e-01	3.170961e+00	7.229744e-01	8.907931e-01	
2  0.86468	3.697785e+00	1.190633e-01	9.654465e-01	3.237411e+00	7.167342e-01	8.839978e-01	
1  0.895483	3.564153e+00	1.146606e-01	9.828054e-01	3.240679e+00	7.019880e-01	9.004729e-01	
2  1.02768	3.623694e+00	1.158932e-01	9.754785e-01	3.260876e+00	7.040154e-01	8.941986e-01	
2  1.22668	3.623694e+00	1.158932e-01	9.754785e-01	3.260876e+00	7.040154e-01	8.926351e-01	
1  0.524832	3.934905e+00	1.237799e-01	9.619809e-01	3.164199e+00	7.360984e-01	8.863748e-01	
2  0.646106	3.877537e+00	1.230044e-01	9.614535e-01	3.183161e+00	7.371462e-01	8.811463e-01	
1  0.597689	3.804605e+00	1.210762e-01	9.746308e-01	3.141771e+00	7.374500e-01	8.939406e-01	
2  0.604809	3.804605e+00	1.210762e-01	9.746308e-01	3.141771e+00	7.374500e-01	8.928523e-01	
3  0.630475	3.879516e+00	1.247755e-01	9.618952e-01	3.113398e+00	7.502491e-01	8.809350e-01	
1  0.74942	3.905039e+00	1.221737e-01	9.805765e-01	3.097089e+00	7.467624e-01	9.019046e-01	
3  0.727762	3.905039e+00	1.221737e-01	9.805765e-01	3.097089e+00	7.467624e-01	9.014515e-01	
1  0.597087	3.858212e+00	1.218973e-01	9.768838e-01	3.091817e+00	7.409953e-01	9.028028e-01	
1  0.647394	3.596285e+00	1.171494e-01	9.926609e-01	3.028416e+00	7.319271e-01	9.241022e-01	
1  0.453424	3.447021e+00	1.150233e-01	9.903091e-01	3.035024e+00	7.183470e-01	9.272412e-01	
1  0.465061	3.447021e+00	1.150233e-01	9.903091e-01	3.035024e+00	7.183470e-01	9.286761e-01	
1  0.592581	3.285449e+00	1.111381e-01	9.934292e-01	3.098302e+00	7.008637e-01	9.285363e-01	
1  0.443197	3.261980e+00	1.096802e-01	1.009915e+00	3.023926e+00	7.013694e-01	9.502667e-01	
1  0.639984	3.588049e+00	1.144692e-01	1.004879e+00	3.015124e+00	7.212954e-01	9.469330e-01	
1  0.774811	3.665467e+00	1.142836e-01	1.012070e+00	3.003707e+00	7.209584e-01	9.570550e-01	
1  0.705636	3.686796e+00	1.156070e-01	1.002520e+00	3.009383e+00	7.255582e-01	9.497367e-01	
1  0.66033	3.686796e+00	1.156070e-01	1.002520e+00	3.009383e+00	7.255582e-01	9.490885e-01	
1  0.54925	3.478148e+00	1.125415e-01	1.011756e+00	2.966461e+00	7.135323e-01	9.614224e-01	
1  0.844407	3.549769e+00	1.151507e-01	1.005540e+00	2.927012e+00	7.252821e-01	9.581870e-01	
3  1.17703	3.610546e+00	1.154871e-01	1.011383e+00	2.903297e+00	7.292179e-01	9.650365e-01	
4  1.32598	3.610546e+00	1.154871e-01	1.011383e+00	2.903297e+00	7.292179e-01	9.661880e-01	
1  1.0093	3.486950e+00	1.132905e-01	1.016304e+00	2.887058e+00	7.186480e-01	9.751369e-01	
1  0.596245	3.320858e+00	1.091353e-01	1.028976e+00	2.918219e+00	7.024462e-01	9.813141e-01	
1  0.559376	3.320858e+00	1.091353e-01	1.028976e+00	2.918219e+00	7.024462e-01	9.806066e-01	
1  0.609947	2.979132e+00	1.024566e-01	1.045072e+00	2.935935e+00	6.762625e-01	9.923095e-01	
1  0.46625	3.131447e+00	1.055913e-01	1.035103e+00	2.942603e+00	6.911420e-01	9.821585e-01	
1  0.687705	2.911865e+00	1.021438e-01	1.038209e+00	2.935993e+00	6.763236e-01	9.896699e-01	
1  0.652206	2.781945e+00	1.016930e-01	1.033792e+00	2.907905e+00	6.727212e-01	9.890371e-01	
1  0.398044	2.745162e+00	1.040423e-01	1.020084e+00	2.899049e+00	6.746589e-01	9.740403e-01	
1  0.361271	2.745162e+00	1.040423e-01	1.020084e+00	2.899049e+00	6.746589e-01	9.750419e-01	
1  0.866865	2.482707e+00	9.900892e-02	1.030171e+00	2.906664e+00	6.564408e-01	9.849528e-01	
1  0.876503	2.329548e+00	9.803198e-02	1.025964e+00	2.883106e+00	6.517352e-01	9.848587e-01	
2  0.648881	2.280088e+00	9.924214e-02	1.014331e+00	2.883327e+00	6.516204e-01	9.744966e-01	
1  0.668235	2.342112e+00	1.013891e-01	9.996629e-01	2.943152e+00	6.521688e-01	9.545544e-01	
1  0.835205	2.342112e+00	1.013891e-01	9.996629e-01	2.943152e+00	6.521688e-01	9.529767e-01	
2  0.283264	2.366212e+00	1.044002e-01	9.904358e-01	2.846268e+00	6.651419e-01	9.569295e-01	
1  0.18348	2.345656e+00	1.062970e-01	9.870516e-01	2.752599e+00	6.762801e-01	9.623305e-01	
1  0.309552	2.610544e+00	1.119490e-01	9.799347e-01	2.666178e+00	6.993024e-01	9.656844e-01	
1  0.200111	2.264021e+00	1.036199e-01	1.002069e+00	2.692526e+00	6.747728e-01	9.843293e-01	
1  0.201473	2.264021e+00	1.036199e-01	1.002069e+00	2.692526e+00	6.747728e-01	9.833976e-01	
4  0.813704	1.945386e+00	9.565380e-02	1.019584e+00	2.748530e+00	6.479066e-01	9.969196e-01	
1  1.63095	2.040011e+00	9.513724e-02	1.016502e+00	2.846067e+00	6.406774e-01	9.889531e-01	
2  1.56144	2.040011e+00	9.513724e-02	1.016502e+00	2.846067e+00	6.406774e-01	9.893830e-01	
1  0.969287	2.326111e+00	9.881154e-02	1.015837e+00	2.842981e+00	6.532337e-01	9.894653e-01	
1  0.224425	2.757143e+00	1.077125e-01	1.006122e+00	2.723418e+00	6.922301e-01	9.907422e-01	
1  0.193384	2.637904e+00	1.058143e-01	1.010044e+00	2.714344e+00	6.834284e-01	9.959482e-01	
1  0.433961	2.927285e+00	1.095784e-01	1.013896e+00	2.675747e+00	7.040004e-01	1.000879e+00	
1  0.439047	2.927285e+00	1.095784e-01	1.013896e+00	2.675747e+00	7.040004e-01	1.000963e+00	
1  0.418834	2.906617e+00	1.104273e-01	1.007313e+00	2.686596e+00	7.018759e-01	9.925936e-01	
1  1.09831	3.125877e+00	1.134242e-01	1.015302e+00	2.647300e+00	7.174518e-01	9.962994e-01	
1  0.792385	3.053984e+00	1.134036e-01	1.004805e+00	2.685297e+00	7.147534e-01	9.834539e-01	
1  1.69372	3.408168e+00	1.207282e-01	9.964669e-01	2.636136e+00	7.359810e-01	9.754543e-01	
1  1.79872	3.312007e+00	1.207036e-01	9.996096e-01	2.540640e+00	7.447811e-01	9.861634e-01	
1  2.01461	3.312007e+00	1.207036e-01	9.996096e-01	2.540640e+00	7.447811e-01	9.873293e-01	
1  1.53375	3.037179e+00	1.143973e-01	1.014575e+00	2.546812e+00	7.312486e-01	1.002644e+00	
1  1.39209	3.067722e+00	1.146794e-01	1.009001e+00	2.581192e+00	7.326671e-01	9.963415e-01	
1  0.736875	2.874698e+00	1.094943e-01	1.016680e+00	2.649148e+00	7.131231e-01	1.000432e+00	
1  0.481972	2.688217e+00	1.071604e-01	1.015449e+00	2.656455e+00	7.033777e-01	9.995752e-01	
1  0.842789	2.865652e+00	1.098282e-01	1.017904e+00	2.619460e+00	7.159912e-01	1.003325e+00	
1  1.02317	2.865652e+00	1.098282e-01	1.017904e+00	2.619460e+00	7.159912e-01	1.004998e+00	
1  0.971473	3.108441e+00	1.137646e-01	9.977860e-01	2.694178e+00	7.276011e-01	9.852727e-01	
1  0.582328	2.946349e+00	1.103726e-01	1.002311e+00	2.722248e+00	7.141929e-01	9.887236e-01	
1  0.568071	3.073716e+00	1.119477e-01	9.975359e-01	2.724825e+00	7.176574e-01	9.901853e-01	
1  0.792086	3.276803e+00	1.175485e-01	9.779343e-01	2.689581e+00	7.400309e-01	9.786134e-01	
3  1.10947	3.425234e+00	1.218174e-01	9.695811e-01	2.664629e+00	7.554392e-01	9.671860e-01	
1  0.877955	3.138530e+00	1.152657e-01	9.872159e-01	2.684914e+00	7.365195e-01	9.803302e-01	
1  0.523184	2.922593e+00	1.110864e-01	9.941724e-01	2.704735e+00	7.194234e-01	9.863878e-01	
1  0.360675	2.699214e+00	1.070932e-01	1.002831e+00	2.716158e+00	7.058647e-01	9.908721e-01	
1  0.283995	2.625990e+00	1.056496e-01	1.006534e+00	2.702100e+00	6.989081e-01	9.982902e-01	
1  0.299699	2.625990e+00	1.056496e-01	1.006534e+00	2.702100e+00	6.989081e-01	9.988495e-01	
1  0.301976	2.593762e+00	1.057370e-01	1.000959e+00	2.715545e+00	7.028441e-01	9.920024e-01	
1  0.809127	2.845773e+00	1.102935e-01	1.002722e+00	2.645816e+00	7.271614e-01	9.946953e-01	
1  0.65541	2.775829e+00	1.089946e-01	1.001946e+00	2.678614e+00	7.221303e-01	9.903806e-01	
1  0.401542	2.575304e+00	1.021045e-01	1.025285e+00	2.724863e+00	7.003588e-01	1.007455e+00	
1  0.547002	2.610519e+00	1.000234e-01	1.037388e+00	2.772267e+00	6.962093e-01	1.011808e+00	
1  0.534344	2.610519e+00	1.000234e-01	1.037388e+00	2.772267e+00	6.962093e-01	1.012166e+00	
1  1.2838	2.388319e+00	9.555566e-02	1.041592e+00	2.805504e+00	6.772928e-01	1.017661e+00	
1  1.54348	2.289402e+00	9.435808e-02	1.041242e+00	2.811959e+00	6.739914e-01	1.015612e+00	
3  1.69146	2.161762e+00	9.340025e-02	1.036418e+00	2.818055e+00	6.682493e-01	1.011044e+00	
1  1.67463	2.161762e+00	9.340025e-02	1.036418e+00	2.818055e+00	6.682493e-01	1.011155e+00	
1  2.33215	2.173381e+00	9.211125e-02	1.044953e+00	2.844187e+00	6.665042e-01	1.013056e+00	
2  0.816832	2.354169e+00	9.713105e-02	1.032918e+00	2.810203e+00	6.871030e-01	1.001341e+00	
1  0.563733	2.565915e+00	9.982090e-02	1.035763e+00	2.758456e+00	7.027203e-01	1.011147e+00	
1  0.480375	2.663942e+00	1.017370e-01	1.024167e+00	2.812887e+00	7.016363e-01	9.975037e-01	
2  0.492166	2.663942e+00	1.017370e-01	1.024167e+00	2.812887e+00	7.016363e-01	9.970782e-01	
1  0.430814	2.727330e+00	1.030977e-01	1.016432e+00	2.846172e+00	6.993345e-01	9.884120e-01	
1  0.421256	2.759477e+00	1.028332e-01	1.025159e+00	2.805746e+00	7.007526e-01	1.000755e+00	
2  0.557162	2.795822e+00	1.011387e-01	1.034294e+00	2.848577e+00	6.903231e-01	1.006368e+00	
1  0.496967	2.795822e+00	1.011387e-01	1.034294e+00	2.848577e+00	6.903231e-01	1.007618e+00	
1  0.452241	2.895818e+00	1.018160e-01	1.037269e+00	2.831292e+00	6.947214e-01	1.015141e+00	
1  2.22284	2.449935e+00	9.500298e-02	1.034448e+00	2.926672e+00	6.570983e-01	1.006683e+00	
1  2.60209	2.521243e+00	9.470495e-02	1.041847e+00	2.957355e+00	6.548934e-01	1.006903e+00	
1  2.13033	2.609008e+00	9.551421e-02	1.046861e+00	2.948583e+00	6.631644e-01	1.008296e+00	
1  1.78105	2.670648e+00	9.617940e-02	1.050393e+00	2.939383e+00	6.653660e-01	1.010426e+00	
1  1.69406	2.670648e+00	9.617940e-02	1.050393e+00	2.939383e+00	6.653660e-01	1.010994e+00	
1  0.660722	2.860104e+00	1.001501e-01	1.042501e+00	2.906643e+00	6.808008e-01	1.007749e+00	
1  1.85899	2.611263e+00	9.572964e-02	1.048203e+00	2.945197e+00	6.605135e-01	1.008792e+00	
1  0.392409	2.724369e+00	1.017575e-01	1.028082e+00	2.891936e+00	6.749308e-01	9.919749e-01	
1  0.278013	2.593713e+00	1.028777e-01	1.010205e+00	2.894175e+00	6.681430e-01	9.772871e-01	
1  0.416948	2.772498e+00	1.083737e-01	1.000347e+00	2.791449e+00	6.879717e-01	9.787975e-01	
1  0.4936	2.772498e+00	1.083737e-01	1.000347e+00	2.791449e+00	6.879717e-01	9.798846e-01	
1  0.325396	2.198288e+00	9.809674e-02	1.015474e+00	2.827473e+00	6.466650e-01	9.939050e-01	
1  0.190588	2.158885e+00	9.959402e-02	1.014871e+00	2.748270e+00	6.540562e-01	9.969137e-01	
1  0.190773	2.250132e+00	1.031816e-01	9.953590e-01	2.792581e+00	6.592898e-01	9.735142e-01	
1  0.158218	2.381763e+00	1.033014e-01	9.965652e-01	2.830679e+00	6.628432e-01	9.751697e-01	
1  0.165945	2.559102e+00	1.063666e-01	9.870627e-01	2.877667e+00	6.695243e-01	9.602893e-01	
1  0.185476	2.559102e+00	1.063666e-01	9.870627e-01	2.877667e+00	6.695243e-01	9.614432e-01	
1  0.215895	2.500438e+00	1.063248e-01	9.838504e-01	2.869216e+00	6.726069e-01	9.578685e-01	
1  0.246848	2.591712e+00	1.063896e-01	9.894180e-01	2.860542e+00	6.782828e-01	9.655881e-01	
1  0.530168	2.297746e+00	9.883814e-02	1.004341e+00	2.932245e+00	6.482197e-01	9.764465e-01	
1  0.615681	2.299970e+00	9.851781e-02	1.004863e+00	2.932544e+00	6.391886e-01	9.814821e-01	
1  0.807902	2.287545e+00	9.870502e-02	9.967710e-01	2.972404e+00	6.371118e-01	9.718763e-01	
2  0.870849	2.287545e+00	9.870502e-02	9.967710e-01	2.972404e+00	6.371118e-01	9.713540e-01	
1  0.700967	2.424606e+00	9.990377e-02	1.000023e+00	2.960685e+00	6.416143e-01	9.774101e-01	
1  0.0870671	2.568960e+00	1.052340e-01	9.887642e-01	2.848237e+00	6.630853e-01	9.789452e-01	
1  0.160998	2.664201e+00	1.091658e-01	9.742038e-01	2.832186e+00	6.773237e-01	9.644523e-01	
1  0.124551	2.546227e+00	1.040403e-01	9.930491e-01	2.878457e+00	6.593542e-01	9.774682e-01	
1  0.137396	2.546227e+00	1.040403e-01	9.930491e-01	2.878457e+00	6.593542e-01	9.769388e-01	
1  0.19636	2.952177e+00	1.111477e-01	9.794273e-01	2.873561e+00	6.848439e-01	9.649914e-01	
1  0.400633	3.252684e+00	1.147024e-01	9.774744e-01	2.888652e+00	6.992024e-01	9.626879e-01	
1  0.454809	3.315186e+00	1.139171e-01	9.865120e-01	2.916521e+00	6.984085e-01	9.653110e-01	
1  0.530961	3.126278e+00	1.120544e-01	9.914361e-01	2.836584e+00	6.998089e-01	9.775387e-01	
1  0.273895	3.137254e+00	1.118823e-01	9.848876e-01	2.909914e+00	6.932301e-01	9.654130e-01	
1  0.291384	3.137254e+00	1.118823e-01	9.848876e-01	2.909914e+00	6.932301e-01	9.657582e-01	
1  0.525521	3.101295e+00	1.110097e-01	9.953090e-01	2.840785e+00	7.001728e-01	9.805302e-01	
1  0.394115	3.045087e+00	1.122267e-01	9.817757e-01	2.838589e+00	6.975822e-01	9.713489e-01	
2  0.19241	2.943569e+00	1.096912e-01	9.809351e-01	2.879158e+00	6.947933e-01	9.701011e-01	
1  0.295488	2.939889e+00	1.091529e-01	9.908743e-01	2.852849e+00	6.955638e-01	9.770197e-01	
1  0.249595	2.939889e+00	1.091529e-01	9.908743e-01	2.852849e+00	6.955638e-01	9.758882e-01	
2  0.29439	3.175684e+00	1.140781e-01	9.715975e-01	2.859797e+00	7.094074e-01	9.644235e-01	
1  0.425486	3.221840e+00	1.130760e-01	9.828281e-01	2.838440e+00	7.152329e-01	9.766549e-01	
1  0.664033	3.417277e+00	1.180843e-01	9.671989e-01	2.827264e+00	7.314847e-01	9.631810e-01	
1  0.902593	3.411116e+00	1.185684e-01	9.693025e-01	2.758189e+00	7.420920e-01	9.725927e-01	
1  0.780994	3.411116e+00	1.185684e-01	9.693025e-01	2.758189e+00	7.420920e-01	9.715487e-01	
1  1.0276	3.588388e+00	1.241267e-01	9.554298e-01	2.712537e+00	7.604123e-01	9.597575e-01	
1  0.92095	3.621465e+00	1.240845e-01	9.527315e-01	2.750498e+00	7.611481e-01	9.545014e-01	
1  0.626756	3.452784e+00	1.198396e-01	9.598091e-01	2.786451e+00	7.441844e-01	9.617586e-01	
2  1.2754	3.817926e+00	1.260022e-01	9.545192e-01	2.744957e+00	7.698724e-01	9.590858e-01	
1  1.2804	3.817926e+00	1.260022e-01	9.545192e-01	2.744957e+00	7.698724e-01	9.591187e-01	
1  0.661196	3.817527e+00	1.277337e-01	9.351702e-01	2.778605e+00	7.735961e-01	9.427809e-01	
3  0.826377	3.897627e+00	1.279934e-01	9.387519e-01	2.793811e+00	7.762822e-01	9.434360e-01	
1  0.513426	3.465410e+00	1.188653e-01	9.597091e-01	2.815324e+00	7.457119e-01	9.624284e-01	
1  0.533166	3.465410e+00	1.188653e-01	9.597091e-01	2.815324e+00	7.457119e-01	9.626701e-01	
1  0.604877	3.631945e+00	1.207922e-01	9.565404e-01	2.853754e+00	7.497980e-01	9.559360e-01	
1  1.25801	3.835673e+00	1.266303e-01	9.515183e-01	2.729348e+00	7.729860e-01	9.605340e-01	
1  1.43595	3.789773e+00	1.245083e-01	9.624244e-01	2.686885e+00	7.683931e-01	9.799335e-01	
1  1.1055	3.557774e+00	1.193981e-01	9.749170e-01	2.720677e+00	7.498362e-01	9.863306e-01	
3  1.11264	3.467364e+00	1.156231e-01	9.954578e-01	2.678704e+00	7.415826e-01	1.011185e+00	
2  0.311776	3.072246e+00	1.068101e-01	1.020061e+00	2.695259e+00	7.118642e-01	1.031617e+00	
1  0.366316	3.064361e+00	1.025519e-01	1.041062e+00	2.714482e+00	7.024197e-01	1.053276e+00	
1  0.554043	3.004736e+00	1.013605e-01	1.036989e+00	2.745567e+00	6.970804e-01	1.050757e+00	
1  0.485819	3.004736e+00	1.013605e-01	1.036989e+00	2.745567e+00	6.970804e-01	1.051793e+00	
1  0.446487	3.077959e+00	1.024573e-01	1.026857e+00	2.805816e+00	6.960966e-01	1.039582e+00	
1  0.4988	3.133684e+00	1.025570e-01	1.026704e+00	2.841145e+00	6.976580e-01	1.035282e+00	
1  0.480194	3.402051e+00	1.086056e-01	1.022241e+00	2.715946e+00	7.313360e-01	1.041872e+00	
1  0.286362	3.243270e+00	1.055230e-01	1.030957e+00	2.710998e+00	7.174451e-01	1.050626e+00	
1  0.267655	3.068547e+00	1.043585e-01	1.032241e+00	2.659246e+00	7.130988e-01	1.055008e+00	
2  0.272535	3.068547e+00	1.043585e-01	1.032241e+00	2.659246e+00	7.130988e-01	1.053750e+00	
1  0.229906	2.991836e+00	1.047442e-01	1.018150e+00	2.694334e+00	7.121873e-01	1.038744e+00	
3  0.240785	3.164120e+00	1.061903e-01	1.017767e+00	2.738260e+00	7.186894e-01	1.033127e+00	
2  0.240847	3.164120e+00	1.061903e-01	1.017767e+00	2.738260e+00	7.186894e-01	1.032787e+00	
2  0.244292	3.095065e+00	1.062764e-01	1.005626e+00	2.790458e+00	7.189091e-01	1.015503e+00	
1  0.257208	3.111074e+00	1.063001e-01	1.009273e+00	2.792668e+00	7.188392e-01	1.015353e+00	
1  0.436599	3.085686e+00	1.029654e-01	1.032373e+00	2.777085e+00	7.137089e-01	1.035370e+00	
1  0.391862	3.085686e+00	1.029654e-01	1.032373e+00	2.777085e+00	7.137089e-01	1.036619e+00	
1  0.305242	3.151651e+00	1.047255e-01	1.027653e+00	2.741775e+00	7.191964e-01	1.039332e+00	
1  0.962596	3.535919e+00	1.144755e-01	9.973825e-01	2.721349e+00	7.436735e-01	1.015272e+00	
1  1.16744	3.628947e+00	1.155995e-01	9.962032e-01	2.726553e+00	7.493626e-01	1.014052e+00	
2  0.777704	3.451532e+00	1.117089e-01	1.009682e+00	2.723646e+00	7.358238e-01	1.024677e+00	
1  0.894683	3.451532e+00	1.117089e-01	1.009682e+00	2.723646e+00	7.358238e-01	1.025787e+00	
1  1.07528	3.441188e+00	1.133668e-01	1.003378e+00	2.671169e+00	7.434406e-01	1.025540e+00	
1  1.52822	3.566761e+00	1.154805e-01	1.000885e+00	2.675131e+00	7.498941e-01	1.020997e+00	
1  0.576054	3.271426e+00	1.099969e-01	1.008227e+00	2.690956e+00	7.339876e-01	1.028834e+00	
1  0.620026	2.889963e+00	1.007643e-01	1.023347e+00	2.795791e+00	6.943456e-01	1.037331e+00	
1  0.565596	2.956200e+00	1.013645e-01	1.023973e+00	2.747898e+00	6.986792e-01	1.050357e+00	
2  0.55404	2.956200e+00	1.013645e-01	1.023973e+00	2.747898e+00	6.986792e-01	1.050503e+00	
1  0.168547	3.030665e+00	1.053888e-01	1.010421e+00	2.720542e+00	7.108753e-01	1.036364e+00	
2  0.502156	3.317389e+00	1.111396e-01	9.991053e-01	2.714927e+00	7.314018e-01	1.022939e+00	
1  0.387827	3.231581e+00	1.086227e-01	1.011252e+00	2.684427e+00	7.296909e-01	1.036835e+00	
1  0.446754	3.231581e+00	1.086227e-01	1.011252e+00	2.684427e+00	7.296909e-01	1.037814e+00	
1  0.290588	3.057034e+00	1.025749e-01	1.035034e+00	2.705303e+00	7.043510e-01	1.058805e+00	
1  0.257363	3.252679e+00	1.069723e-01	1.017107e+00	2.729586e+00	7.159690e-01	1.042930e+00	
1  0.456299	3.327559e+00	1.089364e-01	1.015169e+00	2.683489e+00	7.257995e-01	1.045658e+00	
2  0.383252	3.286177e+00	1.089729e-01	1.012382e+00	2.660635e+00	7.247915e-01	1.048024e+00	
1  0.419838	3.286177e+00	1.089729e-01	1.012382e+00	2.660635e+00	7.247915e-01	1.048593e+00	
1  0.185831	3.038875e+00	1.042457e-01	1.018848e+00	2.715099e+00	7.069826e-01	1.047030e+00	
2  0.635761	3.327747e+00	1.106341e-01	1.005590e+00	2.673697e+00	7.331008e-01	1.037116e+00	
1  0.870701	3.475179e+00	1.137609e-01	9.929908e-01	2.692121e+00	7.411398e-01	1.026415e+00	
1  0.996205	3.477345e+00	1.144274e-01	9.929078e-01	2.664964e+00	7.417480e-01	1.028498e+00	
1  1.10967	3.477345e+00	1.144274e-01	9.929078e-01	2.664964e+00	7.417480e-01	1.029356e+00	
2  1.04211	3.446577e+00	1.147880e-01	9.913912e-01	2.613267e+00	7.458090e-01	1.035818e+00	
1  0.100609	3.091030e+00	1.062481e-01	1.002729e+00	2.721712e+00	7.064359e-01	1.042121e+00	
1  0.271275	3.282328e+00	1.099680e-01	9.942356e-01	2.752103e+00	7.125743e-01	1.027987e+00	
1  0.139341	3.100083e+00	1.083199e-01	9.941746e-01	2.698044e+00	7.089391e-01	1.035853e+00	
1  0.182751	3.100083e+00	1.083199e-01	9.941746e-01	2.698044e+00	7.089391e-01	1.036951e+00	
1  0.208296	3.072427e+00	1.083311e-01	9.962307e-01	2.649227e+00	7.142942e-01	1.044072e+00	
1  1.01137	3.475157e+00	1.166070e-01	9.779363e-01	2.612730e+00	7.434537e-01	1.031595e+00	
1  0.0914448	2.919847e+00	1.079104e-01	9.832218e-01	2.668946e+00	7.074354e-01	1.032421e+00	
1  0.0431851	2.872220e+00	1.056273e-01	9.876018e-01	2.692015e+00	6.984104e-01	1.039616e+00	
1  0.132418	2.974466e+00	1.093391e-01	9.813188e-01	2.609024e+00	7.194883e-01	1.039725e+00	
2  0.133918	2.974466e+00	1.093391e-01	9.813188e-01	2.609024e+00	7.194883e-01	1.039762e+00	
1  0.0225625	2.909866e+00	1.083129e-01	9.702138e-01	2.678060e+00	7.106481e-01	1.029155e+00	
1  0.0395288	2.867615e+00	1.076200e-01	9.780922e-01	2.657731e+00	7.061482e-01	1.033926e+00	
1  0.169383	2.962179e+00	1.111644e-01	9.670220e-01	2.631858e+00	7.200307e-01	1.023694e+00	
1  0.270997	3.090137e+00	1.140020e-01	9.563831e-01	2.643533e+00	7.328639e-01	1.012741e+00	
1  0.192546	3.090137e+00	1.140020e-01	9.563831e-01	2.643533e+00	7.328639e-01	1.011459e+00	
1  0.176562	3.077783e+00	1.136101e-01	9.589175e-01	2.618585e+00	7.368737e-01	1.017323e+00	
2  0.109937	3.023773e+00	1.116392e-01	9.641061e-01	2.654637e+00	7.257774e-01	1.018726e+00	
1  0.177707	3.183259e+00	1.134055e-01	9.612314e-01	2.675994e+00	7.358991e-01	1.014810e+00	
1  0.269926	3.199964e+00	1.137354e-01	9.697631e-01	2.594778e+00	7.439328e-01	1.029594e+00	
1  0.311618	3.199964e+00	1.137354e-01	9.697631e-01	2.594778e+00	7.439328e-01	1.030214e+00	
1  0.370303	3.201661e+00	1.136784e-01	9.755654e-01	2.553017e+00	7.507828e-01	1.037499e+00	
1  0.696277	3.437708e+00	1.165224e-01	9.828295e-01	2.480220e+00	7.721452e-01	1.050928e+00	
1  0.801639	3.556443e+00	1.191678e-01	9.843836e-01	2.394830e+00	7.876988e-01	1.060357e+00	
2  0.12014	3.142183e+00	1.120690e-01	9.851325e-01	2.452153e+00	7.516838e-01	1.065231e+00	
1  0.121005	3.142183e+00	1.120690e-01	9.851325e-01	2.452153e+00	7.516838e-01	1.065256e+00	
1  0.106156	3.098271e+00	1.110178e-01	9.834203e-01	2.504614e+00	7.435310e-01	1.058108e+00	
1  0.180188	3.233941e+00	1.133893e-01	9.841298e-01	2.448837e+00	7.556651e-01	1.065093e+00	
1  0.192366	3.273948e+00	1.172874e-01	9.586452e-01	2.468742e+00	7.611022e-01	1.042046e+00	
1  0.0464663	3.076966e+00	1.108464e-01	9.739042e-01	2.548334e+00	7.407596e-01	1.049843e+00	
1  0.17942	2.792148e+00	1.049579e-01	9.857895e-01	2.559820e+00	7.256177e-01	1.061186e+00	
2  0.188331	2.792148e+00	1.049579e-01	9.857895e-01	2.559820e+00	7.256177e-01	1.061003e+00	
2  0.0766245	2.794661e+00	1.071967e-01	9.773384e-01	2.505454e+00	7.337207e-01	1.058856e+00	
1  0.0693811	2.736307e+00	1.068199e-01	9.740303e-01	2.524398e+00	7.267479e-01	1.053906e+00	
1  0.0155615	2.998054e+00	1.145484e-01	9.419052e-01	2.529270e+00	7.421482e-01	1.028771e+00	
1  0.00744157	2.998054e+00	1.145484e-01	9.419052e-01	2.529270e+00	7.421482e-01	1.027792e+00	
1  0.048319	2.716729e+00	1.096445e-01	9.471054e-01	2.553010e+00	7.290452e-01	1.030690e+00	
1  0.145374	2.474093e+00	1.069689e-01	9.574684e-01	2.444170e+00	7.242397e-01	1.050776e+00	
1  0.0923239	2.533810e+00	1.098204e-01	9.513347e-01	2.384860e+00	7.387970e-01	1.048690e+00	
2  0.158667	2.658292e+00	1.119308e-01	9.436137e-01	2.367820e+00	7.452562e-01	1.050901e+00	
1  0.118235	2.658292e+00	1.119308e-01	9.436137e-01	2.367820e+00	7.452562e-01	1.051756e+00	
1  0.176198	2.901845e+00	1.175953e-01	9.323809e-01	2.298130e+00	7.736503e-01	1.048227e+00	
1  0.763186	3.104184e+00	1.232190e-01	9.266905e-01	2.159550e+00	7.997394e-01	1.057118e+00	
2  0.604488	3.110352e+00	1.220630e-01	9.360009e-01	2.160350e+00	7.993593e-01	1.063226e+00	
1  0.489482	3.252375e+00	1.261781e-01	9.219539e-01	2.181195e+00	8.071125e-01	1.044746e+00	
1  0.443448	3.252375e+00	1.261781e-01	9.219539e-01	2.181195e+00	8.071125e-01	1.045281e+00	
1  0.473496	3.184651e+00	1.270824e-01	9.066942e-01	2.223718e+00	8.029093e-01	1.026929e+00	
1  0.108913	3.087550e+00	1.221903e-01	9.285791e-01	2.257929e+00	7.906903e-01	1.040796e+00	
1  0.383427	3.204156e+00	1.256237e-01	9.212960e-01	2.194311e+00	8.103006e-01	1.040261e+00	
1  0.41188	3.350230e+00	1.270950e-01	9.241383e-01	2.176432e+00	8.227172e-01	1.044559e+00	
1  0.642499	3.595578e+00	1.306349e-01	9.213661e-01	2.141995e+00	8.421812e-01	1.047849e+00	
1  0.484455	3.595578e+00	1.306349e-01	9.213661e-01	2.141995e+00	8.421812e-01	1.049506e+00	
2  0.0895271	3.709533e+00	1.303069e-01	9.237718e-01	2.212462e+00	8.358873e-01	1.047050e+00	
1  0.202923	3.415134e+00	1.261824e-01	9.252752e-01	2.210926e+00	8.190803e-01	1.051559e+00	
1  0.294739	3.083471e+00	1.214529e-01	9.288661e-01	2.213537e+00	8.030849e-01	1.054690e+00	
1  0.332149	3.234499e+00	1.218905e-01	9.401347e-01	2.181074e+00	8.126422e-01	1.068970e+00	
1  0.439116	3.234499e+00	1.218905e-01	9.401347e-01	2.181074e+00	8.126422e-01	1.067595e+00	
1  0.453092	3.364075e+00	1.256601e-01	9.262351e-01	2.186442e+00	8.254330e-01	1.052656e+00	
1  0.495149	3.257603e+00	1.246106e-01	9.253607e-01	2.186860e+00	8.196599e-01	1.051183e+00	
1  0.346045	3.054015e+00	1.210672e-01	9.305558e-01	2.215332e+00	8.003573e-01	1.052937e+00	
1  0.472993	3.124377e+00	1.234586e-01	9.240766e-01	2.191991e+00	8.062879e-01	1.048929e+00	
1  1.01974	3.041344e+00	1.254944e-01	9.028280e-01	2.180738e+00	8.124639e-01	1.033018e+00	
2  1.09864	3.041344e+00	1.254944e-01	9.028280e-01	2.180738e+00	8.124639e-01	1.032409e+00	
1  0.796193	2.693714e+00	1.180802e-01	9.149734e-01	2.216596e+00	7.827777e-01	1.046489e+00	
3  0.532975	2.517482e+00	1.151814e-01	9.166035e-01	2.258224e+00	7.688150e-01	1.042550e+00	
1  0.509413	2.517482e+00	1.151814e-01	9.166035e-01	2.258224e+00	7.688150e-01	1.042813e+00	
1  1.04699	2.785391e+00	1.200854e-01	9.141653e-01	2.175644e+00	7.922822e-01	1.049377e+00	
1  0.385368	2.464814e+00	1.145618e-01	9.169860e-01	2.274126e+00	7.702297e-01	1.037329e+00	
1  0.240553	2.361554e+00	1.121328e-01	9.145117e-01	2.351945e+00	7.533284e-01	1.030516e+00	
1  0.41295	2.412839e+00	1.130061e-01	9.193485e-01	2.284011e+00	7.653741e-01	1.041486e+00	
1  0.565372	2.276377e+00	1.116922e-01	9.198500e-01	2.247904e+00	7.607799e-01	1.047256e+00	
1  0.533255	2.276377e+00	1.116922e-01	9.198500e-01	2.247904e+00	7.607799e-01	1.047603e+00	
1  0.569954	2.618377e+00	1.182573e-01	9.054717e-01	2.253801e+00	7.819855e-01	1.031799e+00	
1  0.695983	3.015018e+00	1.240141e-01	9.038205e-01	2.227616e+00	8.080350e-01	1.030247e+00	
1  0.742997	3.092551e+00	1.256490e-01	8.958392e-01	2.249419e+00	8.143505e-01	1.021417e+00	
1  0.765855	2.957855e+00	1.238063e-01	8.904768e-01	2.278863e+00	8.063566e-01	1.017479e+00	
1  0.761868	2.827918e+00	1.218166e-01	8.809728e-01	2.339565e+00	7.940947e-01	1.009758e+00	
1  0.762499	2.827918e+00	1.218166e-01	8.809728e-01	2.339565e+00	7.940947e-01	1.009752e+00	
1  1.04563	3.047146e+00	1.251279e-01	8.814418e-01	2.289768e+00	8.108621e-01	1.015714e+00	
1  1.33725	3.305568e+00	1.294642e-01	8.699565e-01	2.305465e+00	8.284408e-01	1.005168e+00	
2  0.64061	3.066800e+00	1.237516e-01	8.778284e-01	2.407587e+00	8.054131e-01	1.000766e+00	
1  0.972662	3.214759e+00	1.268155e-01	8.712539e-01	2.368501e+00	8.196831e-01	1.001353e+00	
1  0.809683	3.214759e+00	1.268155e-01	8.712539e-01	2.368501e+00	8.196831e-01	1.002820e+00	
2  0.563518	2.842675e+00	1.180478e-01	8.908047e-01	2.390682e+00	7.890733e-01	1.025659e+00	
1  0.726311	2.621204e+00	1.143669e-01	8.979655e-01	2.357209e+00	7.740395e-01	1.040268e+00	
1  0.910808	2.838311e+00	1.195738e-01	8.773498e-01	2.371347e+00	7.881336e-01	1.023365e+00	
1  1.1119	3.302441e+00	1.265575e-01	8.719372e-01	2.341062e+00	8.196923e-01	1.020390e+00	
1  1.14139	3.302441e+00	1.265575e-01	8.719372e-01	2.341062e+00	8.196923e-01	1.020154e+00	
1  0.701352	3.284868e+00	1.231437e-01	8.923577e-01	2.348252e+00	8.137370e-01	1.036870e+00	
1  0.746262	3.355585e+00	1.244451e-01	8.913810e-01	2.334265e+00	8.238063e-01	1.035518e+00	
1  1.47455	3.656969e+00	1.307302e-01	8.845363e-01	2.235308e+00	8.548411e-01	1.038707e+00	
1  1.908	3.730389e+00	1.333220e-01	8.765709e-01	2.216574e+00	8.610522e-01	1.032768e+00	
1  1.94271	3.271348e+00	1.273562e-01	8.795376e-01	2.219497e+00	8.379716e-01	1.033972e+00	
1  2.14755	3.271348e+00	1.273562e-01	8.795376e-01	2.219497e+00	8.379716e-01	1.032806e+00	
2  1.26128	3.355833e+00	1.271325e-01	8.830662e-01	2.284421e+00	8.304461e-01	1.027998e+00	
1  1.42249	3.450521e+00	1.306964e-01	8.697954e-01	2.299361e+00	8.324296e-01	1.011624e+00	
1  1.23897	3.600845e+00	1.326526e-01	8.664311e-01	2.332001e+00	8.361049e-01	1.004651e+00	
1  1.44279	3.800820e+00	1.359829e-01	8.665164e-01	2.290856e+00	8.475837e-01	1.008032e+00	
1  1.58471	3.800820e+00	1.359829e-01	8.665164e-01	2.290856e+00	8.475837e-01	1.007089e+00	
1  1.40978	3.697423e+00	1.342748e-01	8.591919e-01	2.366496e+00	8.387169e-01	9.946318e-01	
2  1.71084	3.673695e+00	1.344268e-01	8.586104e-01	2.334180e+00	8.418334e-01	9.984543e-01	
1  1.5381	3.656648e+00	1.331617e-01	8.579661e-01	2.365228e+00	8.329324e-01	1.000905e+00	
1  1.60027	3.688366e+00	1.336459e-01	8.563605e-01	2.369160e+00	8.380852e-01	9.986068e-01	
1  1.59707	3.688366e+00	1.336459e-01	8.563605e-01	2.369160e+00	8.380852e-01	9.986279e-01	
1  1.40855	3.799844e+00	1.351002e-01	8.555132e-01	2.393455e+00	8.432938e-01	9.921651e-01	
2  0.717556	3.447983e+00	1.267330e-01	8.715130e-01	2.474616e+00	8.113227e-01	1.000833e+00	
1  0.55325	3.497385e+00	1.257876e-01	8.806504e-01	2.475044e+00	8.185600e-01	1.007711e+00	
1  0.524494	3.415984e+00	1.247047e-01	8.817233e-01	2.483106e+00	8.099507e-01	1.007408e+00	
1  0.523792	3.415984e+00	1.247047e-01	8.817233e-01	2.483106e+00	8.099507e-01	1.007417e+00	
1  0.298829	3.577757e+00	1.251274e-01	8.883335e-01	2.526085e+00	8.143364e-01	1.006891e+00	
1  0.620607	3.749485e+00	1.308589e-01	8.710128e-01	2.464201e+00	8.319604e-01	9.986028e-01	
1  0.786566	3.817888e+00	1.321177e-01	8.675018e-01	2.444137e+00	8.408186e-01	9.999717e-01	
1  0.334206	3.900748e+00	1.305545e-01	8.857980e-01	2.440111e+00	8.419327e-01	1.014979e+00	
1  0.368976	3.840848e+00	1.297472e-01	8.815371e-01	2.476317e+00	8.331446e-01	1.009469e+00	
1  0.315732	3.840848e+00	1.297472e-01	8.815371e-01	2.476317e+00	8.331446e-01	1.010376e+00	
1  0.667807	3.677714e+00	1.291867e-01	8.667590e-01	2.497517e+00	8.254015e-01	9.990726e-01	
1  1.03185	3.848564e+00	1.341679e-01	8.525768e-01	2.479557e+00	8.406141e-01	9.848530e-01	
3  1.34778	3.916342e+00	1.365115e-01	8.479778e-01	2.442511e+00	8.498793e-01	9.828018e-01	
1  1.05318	3.916342e+00	1.365115e-01	8.479778e-01	2.442511e+00	8.498793e-01	9.851594e-01	
1  0.556147	3.620479e+00	1.293326e-01	8.580254e-01	2.556158e+00	8.126893e-01	9.861950e-01	
1  0.742674	3.535622e+00	1.282435e-01	8.485936e-01	2.643052e+00	8.062845e-01	9.682328e-01	
1  0.57072	3.448808e+00	1.265715e-01	8.565961e-01	2.639448e+00	8.012551e-01	9.714058e-01	
2  0.60428	3.728699e+00	1.309508e-01	8.506257e-01	2.653224e+00	8.139684e-01	9.630604e-01	
1  0.549641	3.728699e+00	1.309508e-01	8.506257e-01	2.653224e+00	8.139684e-01	9.639699e-01	
1  0.500887	3.780524e+00	1.314906e-01	8.523940e-01	2.650493e+00	8.172273e-01	9.645765e-01	
2  0.821742	3.864738e+00	1.338567e-01	8.385925e-01	2.674991e+00	8.236241e-01	9.521935e-01	
2  0.669319	3.665433e+00	1.303950e-01	8.466467e-01	2.673185e+00	8.146010e-01	9.574559e-01	
2  0.705894	3.665433e+00	1.303950e-01	8.466467e-01	2.673185e+00	8.146010e-01	9.569418e-01	
1  0.893578	3.717862e+00	1.315370e-01	8.394267e-01	2.712616e+00	8.152232e-01	9.461452e-01	
2  0.820016	3.585165e+00	1.278492e-01	8.443981e-01	2.727593e+00	8.029869e-01	9.575581e-01	
1  0.887518	3.483504e+00	1.284914e-01	8.414715e-01	2.684891e+00	8.028980e-01	9.541108e-01	
1  0.799766	3.483504e+00	1.284914e-01	8.414715e-01	2.684891e+00	8.028980e-01	9.551607e-01	
# After 740 accepted steps: update proposal 
5  0.662888	3.849039e+00	1.333628e-01	8.432915e-01	2.647662e+00	8.233884e-01	9.602190e-01	
5  0.562153	3.849039e+00	1.333628e-01	8.432915e-01	2.647662e+00	8.233884e-01	9.620072e-01	
1  0.243996	3.966461e+00	1.244045e-01	8.777568e-01	2.874008e+00	7.870001e-01	9.812925e-01	
12  0.670266	3.966461e+00	1.244045e-01	8.777568e-01	2.874008e+00	7.870001e-01	9.909975e-01	
6  0.467001	3.966461e+00	1.244045e-01	8.777568e-01	2.874008e+00	7.870001e-01	9.884709e-01	
3  0.338555	3.966461e+00	1.244045e-01	8.777568e-01	2.874008e+00	7.870001e-01	9.861669e-01	
3  0.0593879	3.725371e+00	1.129046e-01	9.413792e-01	2.927186e+00	7.584793e-01	1.018645e+00	
6  0.130203	3.725371e+00	1.129046e-01	9.413792e-01	2.927186e+00	7.584793e-01	1.021452e+00	
2  0.261205	3.725371e+00	1.129046e-01	9.413792e-01	2.927186e+00	7.584793e-01	1.024037e+00	
1  0.278836	3.689499e+00	1.151335e-01	9.166474e-01	2.935201e+00	7.712958e-01	1.006939e+00	
3  0.931699	3.991715e+00	1.231393e-01	8.282135e-01	2.734289e+00	8.528191e-01	1.039691e+00	
11  0.771174	3.991715e+00	1.231393e-01	8.282135e-01	2.734289e+00	8.528191e-01	1.043212e+00	
1  0.737158	1.429041e+00	1.083114e-01	1.036918e+00	1.933560e+00	6.419003e-01	1.066261e+00	
1  2.02584	1.429041e+00	1.083114e-01	1.036918e+00	1.933560e+00	6.419003e-01	1.075380e+00	
