2.5
2.5
2.5
2.5
2.5
2.5
2.5
2.5
2.5
2.5
2.5
2.5
2.5
2.5
2.5
2.5
2.5
2.5
2.5
2.5
2.5
2.5
2.5
2.5
2.5
2.5
2.5
2.5
2.5
2.5
2.5
2.5
2.5
2.5
2.5
2.5
2.5
2.5
2.5
2.5
2.5
2.5
2.5
2.5
2.5
2.5
2.5
2.5
2.5
2.5
2.5
2.5
2.5
2.5
2.5
2.5
2.5
2.5
2.5
2.5
2.5
2.5
2.5
2.5
2.5
2.5
2.5
2.5
2.5
2.5
2.5
2.5
2.5
2.5
2.5
2.5
2.5
2.5
2.5
2.5
2.5
2.5
2.5
2.5
2.5
2.5
2.5
2.5
2.5
2.5
2.5
2.5
2.5
2.5
2.5
2.5
2.5
2.5
2.5
2.5
2.5
2.5
2.5
2.5
2.5
2.5
2.5
2.5
2.5
2.5
2.5
2.5
2.5
2.5
2.5
2.5
2.5
2.5
2.5
2.5
2.5
2.5
2.5
2.5
2.5
2.5
2.5
2.5
2.5
2.5
2.5
2.5
2.5
2.5
2.5
2.5
2.5
2.5
2.5
2.5
2.5
2.5
2.5
2.5
2.5
2.5
2.5
2.5
2.5
2.5
2.5
2.5
2.5
2.5
2.5
2.5
2.5
2.5
2.5
2.5
2.5
2.5
2.5
2.5
2.5
2.5
2.5
2.5
2.5
2.5
2.5
2.5
2.5
2.5
2.5
2.5
2.5
2.5
2.5
2.5
2.5
2.5
2.5
2.5
2.5
2.5
2.5
2.5
2.5
2.5
2.5
2.5
2.5
2.5
2.5
2.5
2.5
2.5
2.5
2.5
2.5
2.5
2.5
2.5
2.5
2.5
2.5
2.5
2.5
2.5
2.5
2.5
2.5
2.5
2.5
2.5
2.5
2.5
2.5
2.5
2.5
2.5
2.5
2.5
2.5
2.5
2.5
2.5
2.5
2.5
2.5
2.5
2.5
2.5
2.5
2.5
2.5
2.5
2.5
2.5
2.5
2.5
2.5
2.5
2.5
2.5
2.5
2.5
2.5
2.5
2.5
2.5
2.5
2.5
2.5
2.5
2.5
2.5
2.5
2.5
2.5
2.5
2.5
2.5
2.5
2.5
2.5
2.5
2.5
2.5
2.5
2.5
2.5
2.5
2.5
2.5
2.5
2.5
2.5
2.5
2.5
2.5
2.5
2.5
2.5
2.5
2.5
2.5
2.5
2.5
2.5020267646519057
2.504010623482286
2.506020290353378
2.5080555164947658
2.5100821783055305
2.5121003433516296
2.5141100784211354
2.5160779948796734
2.5180377773436597
2.5199563091389625
2.5218669935788833
2.5237698908985835
2.525665060658299
2.5275525617532604
2.5294324524234355
2.5313047902630967
2.5331696322302117
2.5349949112346546
2.5368129570794875
2.5386238235937397
2.5404593085430163
2.5422875728100602
2.5441086697264503
2.5459226520486338
2.5477295719660673
2.5495294811092113
2.551353439355935
2.5531703469339617
2.554949484975652
2.556721813554591
2.5584873816194356
2.560246237605022
2.5619984294394436
2.563744004551006
2.56548300987507
2.567185528063001
2.568911552811999
2.570631145586673
2.572373981615892
2.5741103456353933
2.5758402827846787
2.577563837743469
2.5793102492215287
2.5810502398671367
2.58278385400842
2.5845111355265846
2.5862321278618294
2.587946874019163
2.589655416574126
2.5913577976784214
2.5930540590654516
2.5947442420557683
2.5964283875624306
2.5981065360962825
2.599778727771142
2.60144500230891
2.603105399044594
2.6047599569312565
2.6064087145448833
2.608051710089174
2.609688981400259
2.6113478413077966
2.61297375924151
2.614594064370646
2.6162087931061295
2.61784488261003
2.619448549945582
2.6210734655813215
2.6226928398282197
2.6243067081917135
2.6259151058449075
2.627544423961501
2.629194502702367
2.630865183134291
2.632556307228646
2.6342677178600247
2.635999258804822
2.6377249496219775
2.6394705655452957
2.6412359530350433
2.6429953947939886
2.644774407201583
2.646547446281399
2.648339857729853
2.6501262691959204
2.651906718322175
2.65368124240635
2.655449878405486
2.6572126629400197
2.6589696322978065
2.6607208224380883
2.6624416237623865
2.6641568132519797
2.665866425224155
2.667570493689732
2.669244725336953
2.670889325142252
2.672504495433994
2.674138626084476
2.6757675617424748
2.677391333400027
2.6789861051625605
2.6805520716443696
2.6820894249830824
2.6836219990639307
2.6851733924988785
2.6867199758426663
2.6882617771051263
2.6898221766584136
2.69137776415012
2.6929053584115614
2.6944514184559085
2.695992749272613
2.697552374802105
2.6991301684590208
2.7007031479683428
2.702271340900106
2.7038347745936964
2.7053934761603835
2.7069474724858207
2.7084742774263706
2.710018955868021
2.71155900834319
2.7130944608597627
2.714625339212004
2.7161516689828633
2.7176955885446987
2.7192569795126773
2.7208357240698713
2.7224317049671134
2.7240229541758287
2.7256094980090055
2.727169639872379
2.728725204610676
2.7302762174200708
2.7318011705053418
2.7333216960923727
2.7348592264455744
2.736370957401768
2.7378783327174374
2.739360152267931
2.7408377353701927
2.742311104767822
2.7437802830260094
2.745245292533377
2.7467061555037904
2.7481628939781526
2.7496155298261717
2.7510848321420553
2.752529316782451
2.7539697634376243
2.7554061933094784
2.756838627437239
2.7582466268900534
2.759650739223735
2.761071331770934
2.762488011057232
2.763900797333168
2.7653097106961364
2.7667147710919076
2.7681159983161296
2.7695134120158142
2.770887070741878
2.7722570187103956
2.7736034212088567
2.7749462134592853
2.7762854136630732
2.777601345052092
2.778913782119626
2.7802031516501975
2.781489122459179
2.782771711404789
2.7840509352229805
2.785326810528601
2.7865800186016765
2.7878106849504474
2.789038169098106
2.790262486542061
2.7914836526693336
2.7927016827575866
2.7938975535872617
2.795071385402353
2.7962422390888313
2.797410128890747
2.7985750689524695
2.7997370733196028
2.8008961559398933
2.802052330664125
2.8031869535256186
2.8043187500246525
2.805447733441698
2.806573916965902
2.807697313695911
2.8088179366406876
2.8099357987203173
2.8110325756532237
2.812126669401306
2.8131998446153283
2.814270412719368
2.815338385673433
2.8163856598537715
2.8174304129963543
2.8184726565671423
2.8195124019557283
2.8205496604760056
2.8215844433668282
2.8225989048218145
2.8235931469660893
2.82458504372455
2.8255746055620525
2.826561842875041
2.827564413814794
2.8285646333060392
2.8295800769069417
2.8305931425432407
2.831603840739387
2.8326121819516064
2.83363557817668
2.834656591455743
2.835675232271438
2.8366915110388766
2.83770543810621
2.838734224475331
2.839760633794078
2.840801797755997
2.8418234778705775
2.8428428118733255
2.843842806273159
2.844823554699086
2.8458020764173777
2.8467952691219827
2.8477693602620486
2.848741253205484
2.8497109573313315
2.85067848196001
2.8516271374987565
2.8525736749228896
2.8535181031790353
2.854460431158447
2.8554006676974555
2.8563553356114073
2.8573078875894753
2.8582583325004225
2.8592066791585506
2.860152936324139
2.861097112703879
2.862022920206119
2.8629467051241213
2.8638684758190247
2.864788240601314
2.8657060077312244
2.8666217854191407
2.8675516671824166
2.868479535846514
2.8694053996551676
2.8703452480464917
2.8712830683106967
2.8722029562985707
2.873120871943606
2.874036823245934
2.8749666286618067
2.875894446793046
2.8768202856715956
2.877744153281838
2.878666057560964
2.8795703634675767
2.880472759789165
2.8813576770604015
2.8822407374974217
2.8831374603411506
2.884032303825346
2.884909828417508
2.885785525447595
2.88667478490441
2.8875621945298593
2.8884324426842087
2.889285604534895
2.890121754541094
2.890956191251203
2.891788921318949
2.892619951360163
2.893449287953062
2.8942920385361437
2.89513307367405
2.8959874394535947
2.8968400680582578
2.8976909661769192
2.898555088483673
2.899417458900079
2.900292971611979
2.901166711290319
2.9020238574386577
2.9028792783858544
2.9037329807052377
2.9045997090495392
2.9054646979160337
2.906327953910695
2.907189483602727
2.9080492935248343
2.9089073901734896
2.9097783422824683
2.910662093964736
2.9115585894564746
2.9124532978947277
2.913346226012263
2.914237380504687
2.9151411571837578
2.9160431405926497
2.9169576695519557
2.917870385834321
2.9187812962254633
2.919690407473898
2.920597726291205
2.9215032593522943
2.9224070132956705
2.923323130148384
2.9242374489623804
2.925164056383983
2.9260747946915537
2.9269697298344775
2.927876922750878
2.9287683800602347
2.9296441666173214
2.9305182633960283
2.9313906765581983
2.9322614122327573
2.933144313036407
2.934039327728409
2.934932621901835
2.9358104449108566
2.936686590315351
2.9375610641728698
2.938433872508923
2.9393050213172045
2.94017451655981
2.941042364167458
2.94192214490417
2.9428002600911234
2.9436767156841754
2.9445380195527346
2.9453977050060716
2.9462557777910114
2.9471122436244857
2.9479671081937338
2.9488203771565082
2.949685403384262
2.950548816501909
2.951410622192381
2.9522840988973145
2.9531559509105656
2.954026183939216
2.9549080025988665
2.9557881852451238
2.956666737608219
2.957543665388992
2.958432075717819
2.959318844709812
2.9602039780879967
2.961087481546177
2.9619693607491335
2.9628366400385784
2.9637023338910855
2.964553513799575
2.965403146457596
2.966238350075897
2.967072044010134
2.9679042334173653
2.968734923428839
2.969551324678889
2.9703534915976424
2.97115422703095
2.971953535810866
2.9727387192174697
2.973509830391954
2.97427958078769
2.975035338494671
2.9757897699235394
2.9765554716687244
2.977332400727876
2.9781079662270025
2.97888217269553
2.9796550246408264
2.980426526548346
2.9811966828817673
2.981965498083133
2.9827329765729895
2.98349912275052
2.9842763150819134
2.9850521592085224
2.9858266595555567
2.9865998205269344
2.987383935115063
2.988166694670563
2.988948103622518
2.989728166378794
2.990519091369591
2.9913208377259286
2.9921333646457273
2.9929444904623526
2.993754219740478
2.994562557022989
2.9953695068311235
2.9961750736646056
2.996979262001779
2.9977820762997434
2.9985835209944853
2.9993836005010093
3.000182319213469
3.0009677465060864
3.001751845083316
3.002534619194438
3.0033279476989696
3.004119937051039
3.0049105915224614
3.0056999153650863
3.0064997076108266
3.0072981547529833
3.0080952610652028
3.00889103080124
3.0096737523530455
3.010455168401445
3.0112352830618163
3.0120141004305294
3.012791624585061
3.0135678595841093
3.0143428094677085
3.0151164782573416
3.0158888699560507
3.0166599885485508
3.0174298380013385
3.018198422262803
3.0189657452633325
3.019731810915425
3.020496623113793
3.0212601857354717
3.022022502639923
3.0227835776691405
3.0235320412505784
3.0242906468388253
3.025059358478461
3.0258268221982827
3.026604341549701
3.0273918807862223
3.028178141220609
3.028963126774354
3.0297468413513364
3.030529288837923
3.0313104731030736
3.0320903979984424
3.032869067358481
3.033646485000538
3.0344226547249606
3.0351975803151934
3.0359601826144975
3.0367215687867453
3.0374927901302122
3.038262782294403
3.039020536503505
3.0397770891582385
3.040543421468069
3.041308539291284
3.0420833890958163
3.042857011596371
3.0436403186484995
3.044411494774473
3.045181454566673
3.0459502016479747
3.046728579172511
3.047505731398024
3.048281661965835
3.0490455859849055
3.0498083151889466
3.0505698531072816
3.0513194651642737
3.052067912304314
3.0528151979477696
3.0535613255002945
3.0543062983529103
3.0550501198820927
3.055792793449851
3.056544944720664
3.0572959357553473
3.0580563594959336
3.058815610830735
3.0595842500965817
3.060341164233749
3.061107440641877
3.0618725394499604
3.062646956217613
3.0634306594709546
3.0642131579218703
3.06499445506446
3.0657849821685903
3.0665847080180013
3.0673832057037678
3.0681908585754996
3.0689972717584846
3.0697921008592948
3.070585715941638
3.071378120501758
3.0721693180211576
3.0729593119666783
3.073748105790584
3.0745357029306413
3.075322106810198
3.076117543657349
3.0769117759646423
3.0776946152638285
3.078476274863776
3.0792567581168897
3.080036068361625
3.0808142089225656
3.0815911831104983
3.0823568937700188
3.0831214622391734
3.0838748213331777
3.0846270620877174
3.085378187635816
3.0861282010976407
3.086877105580574
3.0876249041792816
3.088361618602303
3.089097250368011
3.0898318024803
3.0905652779308563
3.091297679699222
3.0920290107528623
3.0927592740472276
3.0934983520836887
3.094236351494669
3.0949634244867967
3.0956894414314973
3.0964144052250737
3.097138318752193
3.097851391079197
3.098563435275037
3.099274454139945
3.09998445046298
3.1006934270220854
3.1014111101782285
3.102127762918459
3.102843388036605
3.1035579883153988
3.104271566526532
3.104984125430715
3.1056956677777348
3.1064061963065095
3.107115713745147
3.107824222811
3.108522140519985
3.1092190709945617
3.109915016873211
3.1106099807840826
3.111303965345048
3.1119969731637513
3.112689006837664
3.113380068954135
3.114079640327014
3.1147782298894997
3.1154758402443465
3.116172473984199
3.116868133691646
3.1175628219392686
3.118256541289694
3.118949294295645
3.1196410834999893
3.1203319114357915
3.1210217806263616
3.121710693585305
3.1224079737165082
3.1231042876499875
3.123799637914177
3.124494027027818
3.1251967269186336
3.1258984558070684
3.126599216226344
3.1272990107000007
3.128007060105387
3.128714133826034
3.1294202343996185
3.1301253643541522
3.130829526208026
3.131523567283376
3.1322166598292878
3.132917936491393
3.1336182550237446
3.134317617897378
3.1350160275739922
3.135713486505999
3.136409997136567
3.1371146177154023
3.137818280539372
3.1385209880652485
3.13923176170241
3.1399415706754605
3.140650417454481
3.141349322161476
3.1420472837274747
3.1427443045545136
3.143440387035669
3.1441265994849075
3.1448029701676874
3.1454784373921996
3.146153003437678
3.146826670574932
3.147508315705458
3.148189052728683
3.14886888392889
3.149538972318536
3.1501993454587645
3.1508588466772647
2.5
2.5
2.5
2.5
2.5
2.5
2.5
2.5
2.5
2.5
2.5
2.5
2.5
2.5
2.5
2.5
2.5
2.5
2.5
2.5
2.5
2.5
2.5
2.5
2.5
2.5
2.5
2.5
2.5
2.5
2.5
2.5
2.5
2.5
2.5
2.5
2.5
2.5
2.5
2.5
2.5
2.5
2.5
2.5
2.5
2.5
2.5
2.5
2.5
2.5
2.5
2.5
2.5
2.5
2.5
2.5
2.5
2.5
2.5
